#Output values file generated by Xhydro
4
ReportTime
point# 1
point# 3
point# 2
1	1	1	1	
2	2	2	2	
3	2.50712	2.46885	2.16637	
4	3.22608	3.20661	2.81352	
5	4.22608	4.20661	3.81352	
6	5.22608	5.20661	4.81352	
7	6.20196	6.18505	5.77317	
8	6.74783	6.76142	6.1579	
9	7.74783	7.76142	7.1579	
10	8.74783	8.76142	8.1579	
11	9.04466	9.10302	8.20588	
12	10.0447	10.103	9.20588	
13	11.0447	11.103	10.2059	
14	12.0447	12.103	11.2059	
15	13.0447	13.103	12.2059	
16	14.0447	14.103	13.2059	
17	15.0447	15.103	14.2059	
18	16.0447	16.103	15.2059	
19	15.5958	15.7439	14.2274	
20	15.2421	15.4652	13.4396	
21	12.5127	12.9046	9.87965	
22	13.5127	13.9046	10.8796	
23	14.5127	14.9046	11.8796	
24	15.5127	15.9046	12.8796	
25	16.5127	16.9046	13.8796	
26	17.5127	17.9046	14.8796	
27	13.6965	14.2729	10.2608	
28	12.3795	13.0073	8.80896	
29	13.3795	14.0073	9.80896	
30	14.3795	15.0073	10.809	
31	15.3795	16.0073	11.809	
32	16.3795	17.0073	12.809	
33	17.3795	18.0073	13.809	
34	18.3795	19.0073	14.809	
35	18.694	19.35	15.0023	
36	12.4981	13.3158	8.3281	
37	12.4118	13.2339	8.28065	
38	12.3331	13.1588	8.23936	
39	9.45377	10.2552	5.70424	
40	10.1197	10.9178	6.40372	
41	11.1197	11.9178	7.40372	
42	12.1197	12.9178	8.40372	
43	13.1197	13.9178	9.40372	
44	14.1197	14.9178	10.4037	
45	14.1747	14.9886	10.3938	
46	13.1506	13.9832	9.28428	
47	11.1679	12.0022	7.35439	
48	9.03469	9.83056	5.51902	
49	7.87562	8.62114	4.68909	
50	6.99276	7.68276	4.13377	
51	5.34141	5.92989	3.02704	
52	6.27515	6.86194	3.96762	
53	7.27515	7.86194	4.96762	
54	8.27515	8.86194	5.96762	
55	8.66525	9.25349	6.33119	
56	9.62501	10.2145	7.27803	
57	10.625	11.2145	8.27803	
58	11.625	12.2145	9.27803	
59	10.311	10.939	9.66764	
60	9.97793	10.6149	10.1635	
61	10.2532	10.3541	10.6984	
62	6.60585	6.75261	11.281	
63	6.61713	6.54467	11.8605	
64	6.40752	5.74561	12.4615	
65	6.40504	5.43281	13.0968	
66	5.60503	4.7807	13.7707	
67	6.29261	5.21531	14.488	
68	6.56561	5.44066	15.2581	
69	7.56561	6.19539	16.0033	
70	8.56561	6.97087	16.7887	
71	9.56561	7.74414	17.5343	
72	10.3633	8.57634	18.5201	
73	7.58384	9.2054	19.5201	
74	5.04494	9.87829	20.5201	
75	6.10986	10.5549	21.5201	
76	7.18061	11.2285	22.5201	
77	8.25906	12.1883	23.5201	
78	9.34358	12.9887	24.5201	
79	10.4353	13.9494	25.5201	
80	10.8205	15.0664	26.5201	
81	11.3679	16.0919	27.5201	
82	12.4901	17.0859	28.5201	
83	13.6197	18.2527	29.5201	
84	14.756	19.4316	30.5201	
85	15.8996	20.609	31.5201	
86	16.1133	21.6866	32.5201	
87	16.7147	22.8619	33.5201	
88	17.5333	23.9594	34.5201	
89	18.7434	25.1121	35.5201	
90	20.0232	26.2856	36.5201	
91	21.3491	27.6897	37.5201	
92	22.6818	29.076	38.5201	
93	23.9628	30.4463	39.5201	
94	25.2116	31.8022	40.5201	
95	26.5168	33.1451	41.5201	
96	27.8308	34.4763	42.5201	
97	29.1538	35.7967	43.5201	
98	30.3008	37.1072	44.5201	
99	31.4551	38.4087	45.5201	
100	32.6252	39.7018	46.5201	
101	33.9873	40.9871	47.5201	
102	35.364	42.2652	48.5201	
103	36.6525	43.5082	49.5201	
104	37.8099	44.7103	50.5201	
105	38.9732	45.9167	51.5201	
106	40.1453	47.1273	52.5201	
107	41.6384	48.3419	53.5201	
108	43.3034	49.5603	54.5201	
109	44.7536	50.7823	55.5201	
110	46.073	52.0077	56.5201	
111	47.4292	53.2364	57.5201	
112	48.5804	54.4682	58.5201	
113	49.7335	55.703	59.5201	
114	50.8884	56.9405	60.5201	
115	52.0451	58.1807	61.5201	
116	53.2035	59.4234	62.5201	
117	54.3637	60.6684	63.5201	
118	55.5254	61.9156	64.5201	
119	56.6888	63.1649	65.5201	
120	57.8537	64.4161	66.5201	
121	59.0201	65.6691	67.5201	
122	60.1879	66.9238	68.5201	
123	61.3572	68.18	69.5201	
124	62.5279	69.4377	70.5201	
125	63.6999	70.6967	71.5201	
126	64.8732	71.9569	72.5201	
127	66.0477	73.2182	73.5201	
128	67.2235	74.4805	74.5201	
129	68.4004	75.7436	75.5201	
130	69.5785	77.0063	76.5201	
131	70.7576	78.2684	77.5201	
132	71.9378	79.5299	78.5201	
133	73.1191	80.7907	79.5201	
134	74.3013	82.0507	80.5201	
135	75.4845	83.3099	81.5201	
136	76.6686	84.5681	82.5201	
137	77.8536	85.8252	83.5201	
138	79.0394	87.0813	84.5201	
139	80.226	88.3363	85.5201	
140	81.4135	89.59	86.5201	
141	82.6017	90.8426	87.5201	
142	83.7906	92.0938	88.5201	
143	84.9801	93.3436	89.5201	
144	86.1704	94.5921	90.5201	
145	87.3613	95.8392	91.5201	
146	88.5527	97.0847	92.5201	
147	89.7448	98.3288	93.5201	
148	90.9374	99.5714	94.5201	
149	92.1305	100.812	95.5201	
150	93.324	102.052	96.5201	
151	94.5181	103.29	97.5201	
152	95.7126	104.526	98.5201	
153	96.9074	105.76	99.5201	
154	98.1027	106.993	100.52	
155	99.2983	108.224	101.52	
156	100.494	109.454	102.52	
157	101.691	110.681	103.52	
158	102.887	111.907	104.52	
159	104.084	113.132	105.52	
160	105.281	114.354	106.52	
161	106.478	115.575	107.52	
162	107.676	116.794	108.52	
163	108.873	118.011	109.52	
164	110.071	119.226	110.52	
165	111.269	120.44	111.52	
166	112.463	121.652	112.52	
167	113.626	122.862	113.52	
168	114.774	124.07	114.52	
169	115.888	125.276	115.52	
170	117.005	126.481	116.52	
171	118.091	127.684	117.52	
172	119.172	128.885	118.52	
173	120.196	130.084	119.52	
174	121.213	131.282	120.52	
175	122.193	132.478	121.52	
176	123.145	133.672	122.52	
177	123.828	134.864	123.52	
178	124.716	136.055	124.52	
179	125.562	137.244	125.52	
180	126.391	138.431	126.52	
181	127.168	139.616	127.52	
182	127.514	140.8	128.52	
183	128.239	141.982	129.52	
184	128.435	143.162	130.52	
185	128.571	144.341	131.52	
186	128.65	145.518	132.52	
187	128.656	146.693	133.52	
188	128.705	147.867	134.52	
189	128.711	149.039	135.52	
190	128.537	150.209	136.52	
191	128.325	151.378	137.52	
192	128.07	152.546	138.52	
193	127.762	153.566	139.52	
194	127.362	154.431	140.52	
195	126.899	155.152	141.52	
196	126.42	155.724	141.94	
197	125.836	156.224	142.889	
198	125.249	156.586	142.622	
199	124.613	156.856	141.897	
200	123.944	157.034	140.762	
201	123.325	157.115	139.116	
202	119.245	157.107	137.039	
203	114.217	157.621	132.274	
204	107.952	157.365	127.397	
205	103.796	156.994	121.841	
206	99.471	156.562	115.817	
207	93.6686	156.865	109.215	
208	89.4137	156.941	101.999	
209	86.6551	156.956	94.4778	
210	84.0818	156.229	87.0283	
211	81.4597	155.462	79.8002	
212	78.074	154.67	72.7796	
213	75.9817	153.827	66.1742	
214	73.9249	152.917	59.9506	
215	72.1888	152.881	53.7855	
216	69.4785	151.864	47.8267	
217	67.9308	150.816	42.5275	
218	66.3136	149.75	37.7393	
219	64.6708	148.668	33.4081	
220	63.5436	147.55	29.6343	
221	61.6669	146.383	26.13	
222	60.3797	145.202	23.1041	
223	58.3679	143.994	20.2669	
224	56.9391	142.782	17.8394	
225	56.3034	141.588	15.9146	
226	54.8372	140.343	14.1356	
227	53.7817	139.097	12.6468	
228	52.1554	137.819	11.2483	
229	51.4734	136.574	10.1603	
230	50.6153	132.377	9.22042	
231	49.0666	124.674	8.32827	
232	48.1898	117.986	7.64352	
233	47.5986	112.11	7.30027	
234	47.0035	106.473	7.26658	
235	46.2518	102.346	8.10641	
236	45.2099	97.4049	8.92816	
237	44.215	92.437	9.64356	
238	43.2762	87.9112	10.3327	
239	42.8334	84.6687	11.0985	
240	42.1424	81.52	11.848	
241	41.7023	78.7397	12.4557	
242	41.374	76.2735	13.0402	
243	40.8631	73.9816	13.7406	
244	40.3249	71.3178	14.2724	
245	38.8122	67.1905	14.7777	
246	37.2674	63.337	15.2601	
247	36.9737	61.7461	15.7262	
248	36.4461	59.7648	16.1701	
249	36.5041	58.8188	16.5987	
250	35.2236	55.5595	16.9987	
251	35.0731	54.9482	17.6006	
252	35.2049	54.847	18.186	
253	34.9207	54.2517	18.7583	
254	35.0079	53.4691	19.0754	
255	35.3444	53.141	19.383	
256	35.5999	52.5458	19.6737	
257	35.4114	51.3831	19.9444	
258	35.3883	50.6998	20.2051	
259	35.4375	51.0025	20.7264	
260	35.7041	51.5302	21.235	
261	35.7451	50.8955	21.0763	
262	35.7116	50.6922	22.0763	
263	36.1085	51.3396	23.0763	
264	36.6178	51.8871	24.0763	
265	36.851	52.0078	25.0763	
266	37.0672	55.7176	26.0763	
267	38.3017	59.5293	27.0763	
268	39.7206	63.4616	28.0763	
269	41.2862	67.4837	29.0763	
270	42.7331	71.5812	30.0763	
271	44.0815	75.7334	31.0763	
272	45.5969	79.9221	32.0763	
273	46.8446	82.2403	33.0763	
274	47.8842	83.2958	34.0763	
275	48.9546	84.3352	35.0763	
276	49.5095	85.3352	36.0763	
277	50.4072	86.3352	37.0763	
278	51.9923	87.3352	38.0763	
279	53.4814	88.3352	39.0763	
280	55.1551	89.3352	40.0763	
281	56.7016	90.3352	41.0763	
282	58.1749	91.3352	42.0763	
283	60.3308	92.3352	43.0763	
284	62.5814	93.3352	44.0763	
285	64.9051	94.3352	45.0763	
286	67.2868	95.3352	46.0763	
287	69.7252	96.3352	47.0763	
288	72.2189	97.3352	48.0763	
289	73.2189	98.3352	49.0763	
290	74.2189	99.3352	50.0763	
291	75.2189	100.335	51.0763	
292	76.2189	101.335	52.0763	
293	77.2189	102.335	53.0763	
294	78.2189	103.335	54.0763	
295	79.2189	104.335	55.0763	
296	80.2189	105.335	56.0763	
297	81.2189	106.335	57.0763	
298	82.2189	107.335	58.0763	
299	83.2189	108.335	59.0763	
300	84.2189	109.335	60.0763	
301	85.2189	110.335	61.0763	
302	86.2189	111.335	62.0763	
303	87.2189	112.335	63.0763	
304	88.2189	113.335	64.0763	
305	89.2189	114.335	65.0763	
306	90.2189	115.335	66.0763	
307	91.2189	116.335	67.0763	
308	92.2189	117.335	68.0763	
309	93.2189	118.335	69.0763	
310	94.2189	119.335	70.0763	
311	95.2189	120.335	71.0763	
312	96.2189	121.335	72.0763	
313	97.2189	122.335	73.0763	
314	98.2189	123.335	74.0763	
315	99.2189	124.335	75.0763	
316	100.219	125.335	76.0763	
317	101.219	126.335	77.0763	
318	102.219	127.335	78.0763	
319	103.219	128.335	79.0763	
320	104.219	129.335	80.0763	
321	105.219	130.335	81.0763	
322	106.219	131.335	82.0763	
323	107.219	132.335	83.0763	
324	108.219	133.335	84.0763	
325	59.8288	71.5691	33.6228	
326	51.0008	60.5109	27.5696	
327	52.0008	61.5109	28.5696	
328	53.0008	62.5109	29.5696	
329	53.6524	63.0569	30.2371	
330	49.3539	57.7814	27.528	
331	50.3539	58.7814	28.528	
332	51.3539	59.7814	29.528	
333	47.0691	54.6699	26.8514	
334	48.0691	55.6699	27.8514	
335	49.0691	56.6699	28.8514	
336	50.0691	57.6699	29.8514	
337	51.0691	58.6699	30.8514	
338	52.0691	59.6699	31.8514	
339	53.0691	60.6699	32.8514	
340	54.0691	61.6699	33.8514	
341	48.7867	55.835	30.2242	
342	44.6664	51.2269	27.3594	
343	35.0253	34.7785	19.0338	
344	37.7065	39.2183	20.0338	
345	40.4195	43.6609	21.0338	
346	43.1613	48.0979	22.0338	
347	45.9542	52.5697	23.0338	
348	48.8051	57.0822	24.0338	
349	43.5431	49.9802	15.7647	
350	45.6277	53.2269	12.9712	
351	48.2891	57.8354	13.9712	
352	51.0062	62.4769	14.9712	
353	53.7903	67.1679	15.9712	
354	56.6101	71.8439	16.9712	
355	59.472	76.517	17.9712	
356	62.3967	81.2333	18.9712	
357	65.3762	85.9815	19.9712	
358	68.3892	90.7111	20.9712	
359	71.4265	95.4033	21.9712	
360	74.5128	100.142	22.9712	
361	77.633	104.867	23.9712	
362	80.7705	109.54	24.9712	
363	83.7706	114.161	25.9712	
364	85.0246	118.718	26.9712	
365	86.0834	123.221	27.9712	
