#Output values file generated by Xhydro
4
ReportTime
point# 1
point# 3
point# 2
1	1	1	1	
2	2	2	2	
3	3	3	3	
4	3.66344	3.62261	3.35871	
5	4.47081	4.43006	4.0816	
6	5.4731	5.4324	5.08449	
7	6.47529	6.43461	6.08719	
8	7.46037	7.41996	7.05702	
9	8.1602	8.11558	7.59245	
10	9.16296	9.11831	8.59588	
11	10.1664	10.1215	9.59982	
12	10.6995	10.655	9.89756	
13	11.7051	11.66	10.9035	
14	12.7106	12.6649	11.9093	
15	13.716	13.6696	12.9149	
16	14.7212	14.6741	13.9203	
17	15.7266	15.6787	14.9258	
18	16.7315	16.683	15.9309	
19	17.7358	17.6869	16.9355	
20	17.7777	17.7147	16.4874	
21	17.8586	17.8195	16.1694	
22	16.1041	16.1136	13.3403	
23	17.1238	17.1301	14.358	
24	18.144	18.1467	15.3758	
25	19.1643	19.1633	16.3935	
26	20.1849	20.1801	17.4111	
27	21.2026	21.1947	18.4268	
28	18.5642	18.5672	14.6477	
29	17.7391	17.7175	13.4662	
30	18.7742	18.746	14.493	
31	19.8134	19.7769	15.5215	
32	20.8473	20.8042	16.5469	
33	21.8793	21.8302	17.5714	
34	22.9151	22.8585	18.5977	
35	23.9521	23.8874	19.6241	
36	24.4311	24.3799	19.9503	
37	19.5475	19.4392	13.9682	
38	19.6682	19.5354	14.0413	
39	19.796	19.6376	14.1247	
40	17.3846	17.102	11.7274	
41	18.1176	17.8281	12.4658	
42	19.1904	18.8879	13.5082	
43	20.2583	19.9442	14.5481	
44	21.3291	21.0019	15.5886	
45	22.4017	22.0598	16.6287	
46	22.5304	22.2357	16.7395	
47	21.9121	21.5745	15.9867	
48	20.3909	19.9775	14.4049	
49	18.6143	18.0929	12.768	
50	17.6716	17.0587	12.0492	
51	16.952	16.2513	11.5838	
52	15.4176	14.5633	10.5214	
53	16.3809	15.5361	11.4725	
54	17.4926	16.6304	12.5217	
55	18.6026	17.7228	13.5688	
56	18.9706	18.1442	14.0037	
57	19.9998	19.1755	14.9597	
58	21.1179	20.2728	16.0052	
59	22.233	21.3665	17.0505	
60	21.2491	20.4314	17.3498	
61	21.2085	20.3774	17.9277	
62	21.6588	20.121	18.6174	
63	18.5921	16.9368	19.3441	
64	18.7703	16.7832	20.048	
65	18.7481	15.4812	20.7763	
66	18.916	15.273	21.5329	
67	18.3601	14.7632	22.3178	
68	19.128	15.258	23.134	
69	19.5546	15.1752	1	
70	20.7118	16.5053	1	
71	21.8684	17.3962	1	
72	23.0149	18.2467	1	
73	23.8428	19.1442	1	
74	18.6969	19.6328	1	
75	15.2505	20.4294	1	
76	16.6084	21.198	1	
77	17.9424	21.9612	1	
78	19.4385	23.175	1	
79	20.778	23.9236	1	
80	22.2008	25.0052	1	
81	22.8352	26.3455	1	
82	23.8029	1	1	
83	25.2724	1	1	
84	26.6992	1	1	
85	28.0857	1	1	
86	29.4944	1	1	
87	27.884	1	1	
88	28.7297	1	1	
89	29.711	1	1	
90	30.9389	1	1	
91	32.2104	1	1	
92	33.5105	1	1	
93	34.8102	1	1	
94	36.08	1	1	
95	37.3251	1	1	
96	38.6094	1	1	
97	39.8947	1	1	
98	41.1889	1	1	
99	42.3708	1	1	
100	43.5536	1	1	
101	44.7461	1	1	
102	46.0595	1	1	
103	47.3819	1	1	
104	48.648	1	1	
105	49.833	1	1	
106	51.0216	1	1	
107	52.2139	1	1	
108	53.6092	1	1	
109	1	1	1	
110	1	1	1	
111	1	1	1	
112	1	1	1	
113	1	1	1	
114	1	1	1	
115	1	1	1	
116	1	1	1	
117	1	1	1	
118	1	1	1	
119	1	1	1	
120	1	1	1	
121	1	1	1	
122	1	1	1	
123	1	1	1	
124	1	1	1	
125	1	1	1	
126	1	1	1	
127	1	1	1	
128	1	1	1	
129	1	1	1	
130	1	1	1	
131	1	1	1	
132	1	1	1	
133	1	1	1	
134	1	1	1	
135	1	1	1	
136	1	1	1	
137	1	1	1	
138	1	1	1	
139	1	1	1	
140	1	1	1	
141	1	1	1	
142	1	1	1	
143	1	1	1	
144	1	1	1	
145	1	1	1	
146	1	1	1	
147	1	1	1	
148	1	1	1	
149	1	1	1	
150	1	1	1	
151	1	1	1	
152	1	1	1	
153	1	1	1	
154	1	1	1	
155	1	1	1	
156	1	1	1	
157	1	1	1	
158	1	1	1	
159	1	1	1	
160	1	1	1	
161	1	1	1	
162	1	1	1	
163	1	1	1	
164	1	1	1	
165	1	1	1	
166	122.759	1	1	
167	123.93	1	1	
168	125.079	1	1	
169	126.215	1	1	
170	127.328	1	1	
171	128.445	1	1	
172	129.541	1	1	
173	130.633	1	1	
174	131.687	1	1	
175	132.736	1	1	
176	133.76	1	1	
177	134.767	1	1	
178	135.594	1	1	
179	136.556	1	1	
180	137.492	1	1	
181	138.416	1	1	
182	139.306	1	1	
183	139.91	1	1	
184	140.765	1	1	
185	141.271	1	1	
186	141.736	1	1	
187	142.162	1	1	
188	142.54	1	1	
189	142.957	1	1	
190	143.344	1	1	
191	143.599	1	1	
192	143.825	1	1	
193	144.021	159.533	1	
194	144.18	160.567	1	
195	144.277	161.502	1	
196	144.331	162.343	1	
197	144.369	163.089	1	
198	144.338	163.787	1	
199	144.3	164.397	1	
200	144.226	164.948	1	
201	144.127	165.438	1	
202	144.054	165.865	1	
203	141.789	166.234	1	
204	138.957	166.94	1	
205	135.283	167.149	1	
206	132.924	167.283	140.329	
207	130.445	167.376	136.472	
208	127.094	167.944	132.099	
209	124.709	168.365	127.151	
210	123.26	168.746	121.84	
211	121.829	168.643	116.467	
212	120.357	168.512	111.111	
213	118.39	168.362	105.74	
214	117.232	168.176	100.565	
215	116.086	167.945	95.5368	
216	115.256	168.283	90.2544	
217	113.676	167.977	85.0148	
218	112.826	167.646	80.3179	
219	111.924	167.3	75.9088	
220	110.998	166.938	71.7773	
221	110.394	166.55	68.1342	
222	109.305	166.126	64.4936	
223	108.585	165.689	61.3812	
224	107.393	165.229	58.1536	
225	106.564	164.762	55.4741	
226	106.241	164.302	53.484	
227	105.38	163.804	51.2401	
228	104.776	163.301	49.5013	
229	103.799	162.772	47.5305	
230	103.422	162.259	46.3376	
231	102.927	159.876	44.7037	
232	101.984	155.264	42.7829	
233	101.469	151.275	41.4731	
234	101.137	147.784	38.8179	
235	100.801	144.428	36.65	
236	100.576	142.114	37.4436	
237	100.167	139.281	38.2264	
238	99.5594	136.306	38.9234	
239	98.9855	133.598	39.6033	
240	98.9182	131.815	40.351	
241	98.731	130.096	41.0875	
242	98.4719	128.462	41.7149	
243	98.2883	127.023	42.3269	
244	98.2196	125.84	43.0313	
245	97.8852	124.257	43.6083	
246	96.9086	121.734	44.1669	
247	95.9033	119.372	44.7098	
248	95.7108	118.442	45.2417	
249	95.3639	117.26	45.7581	
250	95.4065	116.737	46.2641	
251	94.5688	114.735	46.7495	
252	94.749	114.618	47.3863	
253	95.1089	114.823	48.0121	
254	95.2067	114.716	48.6294	
255	95.2574	114.277	49.0595	
256	95.485	114.135	49.4825	
257	95.6607	113.823	49.8929	
258	95.5456	113.145	50.2883	
259	95.5466	112.775	50.6759	
260	95.8852	113.258	51.2545	
261	96.3631	113.883	51.8245	
262	96.4097	113.546	51.9436	
263	96.3983	113.475	54.777	
264	96.6718	113.95	57.908	
265	97.0254	114.369	61.0161	
266	97.2057	114.522	63.8877	
267	97.3843	120.594	66.5804	
268	98.2484	125.759	68.6371	
269	99.2321	131.216	70.6877	
270	100.334	136.199	72.7074	
271	101.369	140.966	74.7226	
272	102.354	145.432	76.7317	
273	103.461	149.637	78.7387	
274	104.366	153.342	80.7831	
275	105.16	156.496	82.8302	
276	105.99	159.506	84.8914	
277	106.482	162.446	86.999	
278	107.216	165.277	89.1193	
279	108.41	168.027	91.2553	
280	109.53	170.763	93.4608	
281	110.799	173.417	95.6783	
282	111.985	176.053	97.9131	
283	113.14	178.64	99.8787	
284	118.449	181.246	101.908	
285	123.828	183.818	103.947	
286	128.423	186.336	105.967	
287	132.51	188.795	107.962	
288	136.54	191.246	109.977	
289	140.504	193.69	112.018	
290	143.506	196.074	114.027	
291	146.481	198.453	116.06	
292	149.478	200.853	118.149	
293	152.35	203.197	120.206	
294	155.113	205.48	122.224	
295	157.987	207.818	124.336	
296	160.891	210.165	126.489	
297	163.828	212.517	128.681	
298	166.7	214.818	130.844	
299	169.454	217.039	132.938	
300	172.276	219.273	135.077	
301	175.079	221.476	137.207	
302	177.765	223.603	139.265	
303	180.65	225.799	141.445	
304	183.538	227.973	143.626	
305	186.343	230.087	145.754	
306	189.185	232.194	147.901	
307	192.036	234.282	150.049	
308	194.856	236.335	152.175	
309	197.757	238.397	154.342	
310	200.588	240.41	156.423	
311	203.323	242.365	158.398	
312	206.158	244.338	160.35	
313	209.06	246.315	162.254	
314	211.641	248.156	163.997	
315	214.4	250.046	165.738	
316	217.007	251.864	167.387	
317	219.666	253.686	168.998	
318	222.275	255.475	170.55	
319	224.991	257.285	172.071	
320	227.692	259.075	173.542	
321	230.363	260.841	174.965	
322	233.016	262.587	176.346	
323	235.665	264.319	177.688	
324	238.228	266.011	178.988	
325	240.63	267.643	180.247	
326	187.789	217.354	112.925	
327	172.595	201.556	97.8624	
328	175.476	203.909	99.7675	
329	178.307	206.223	101.637	
330	179.75	207.385	102.278	
331	171.696	199.007	94.8257	
332	174.413	201.294	96.681	
333	177.246	203.626	98.5917	
334	168.723	194.875	91.2789	
335	171.731	197.332	93.3983	
336	174.63	199.719	95.3884	
337	177.495	202.074	97.3335	
338	180.169	204.318	99.1401	
339	182.952	206.606	101.011	
340	185.679	208.853	102.838	
341	188.421	211.093	104.664	
342	177.912	201.079	95.7946	
343	168.896	192.321	92.0502	
344	114.85	137.802	81.3473	
345	118.667	142.584	83.1658	
346	122.335	147.092	84.9447	
347	125.911	151.41	86.6907	
348	130.228	156.552	88.4669	
349	134.766	161.817	90.2267	
350	122.599	145.167	77.3777	
351	124.45	147.562	73.6114	
352	128.281	152.161	75.4158	
353	132.736	157.384	77.2217	
354	137.559	162.914	79.0071	
355	141.383	167.274	80.722	
356	145.414	171.83	82.4365	
357	150.079	177.193	84.1683	
358	154.51	182.354	85.8862	
359	158.317	186.634	87.5649	
360	161.854	190.557	89.2162	
361	166.114	195.87	90.9369	
362	169.945	200.186	92.6316	
363	173.328	203.802	94.268	
364	176.646	207.384	95.9122	
365	179.253	210.701	97.5189	
