StorAll	Snow	Intercp	Surface	Soil	SoilL1	SoilL2	SoilL3	RZW	GW	ET	EvapS	EvapI	EvapT	Leakage	SrfOut	GWOut	AllOut	SrftoCh	GWtoCh	Rchrge
1	-nan	-nan	1	1	1	1	1	1	1	1	1	-nan	1	-nan	1	1	1	-nan	1.67516e-14	0
2	-nan	-nan	2	2	2	2	2	2	2	2	2	-nan	2	-nan	2	2	2	0	1	0
2.88947	-nan	-nan	2.99774	2.88947	2.23631	2.87093	2.99893	2.66239	2.9964	2.13361	2.18396	1	3	-nan	2.99552	2.99547	2.13362	-nan	1.99774	0
3.82326	-nan	-nan	3.99608	3.82326	2.89284	3.69896	3.99483	3.47805	3.99357	2.58508	2.86087	1	3.44358	-nan	3.99253	3.99244	2.5851	-nan	2.99607	0
4.82487	-nan	-nan	4.99603	4.82487	3.89275	4.69893	4.99483	4.4808	4.99358	4.10109	3.87948	-nan	4.19874	-nan	4.99254	4.99245	4.1011	-nan	3.99607	0
5.82635	-nan	-nan	5.99607	5.82635	4.89264	5.69891	5.99483	5.48335	5.9936	5.10971	4.88332	-nan	5.2014	-nan	5.99254	5.99245	5.10972	-nan	4.99607	0
6.8212	-nan	1	6.99608	6.8212	5.85249	6.69891	6.99483	6.46788	6.99361	4.46933	5.8302	1	6.18906	-nan	6.99255	6.99245	4.46937	-nan	5.99607	0
7.72504	-nan	-nan	7.99524	7.72504	6.2524	7.57025	7.98982	7.19464	7.99212	4.77872	6.21949	1.00199	7.15159	-nan	7.99088	7.99077	4.77877	-nan	6.99523	0
8.72694	-nan	-nan	8.99519	8.72694	7.25234	8.57022	8.98982	8.19793	8.99214	7.60054	7.22193	-nan	7.74845	-nan	8.99088	8.99077	7.60055	-nan	7.99524	0
9.72913	-nan	-nan	9.99524	9.72912	8.25216	9.57018	9.98982	9.20171	9.99216	8.6017	8.2362	-nan	8.75694	-nan	9.99089	9.99078	8.60172	-nan	8.99524	0
10.5791	-nan	-nan	10.9937	10.5791	8.32592	10.3442	10.98	9.77591	10.9895	7.07128	8.32507	1	9.74954	-nan	10.9881	10.9879	7.07133	-nan	9.99375	0
11.5825	-nan	-nan	11.9937	11.5825	9.32559	11.3441	11.98	10.7817	11.9895	9.85111	9.31962	-nan	10.1055	-nan	11.9881	11.9879	9.85113	-nan	10.9937	0
12.5857	-nan	-nan	12.9938	12.5857	10.3252	12.3441	12.98	11.7873	12.9895	10.8672	10.3178	-nan	11.113	-nan	12.9881	12.9879	10.8673	0	11.9937	0
13.5888	-nan	-nan	13.9938	13.5888	11.3249	13.344	13.98	12.7927	13.9895	11.8835	11.3158	-nan	12.1199	-nan	13.9881	13.9879	11.8835	0	12.9938	0
14.5917	-nan	-nan	14.9938	14.5917	12.3246	14.3439	14.98	13.7979	14.9896	12.9	12.3114	-nan	13.1258	-nan	14.9881	14.9879	12.9	0	13.9938	0
15.5947	-nan	-nan	15.9937	15.5947	13.3242	15.3438	15.98	14.8031	15.9896	13.9134	13.3153	-nan	14.1345	-nan	15.9881	15.9879	13.9135	0	14.9938	0
16.5974	-nan	-nan	16.9938	16.5974	14.3239	16.3438	16.98	15.8079	16.9896	14.9291	14.308	-nan	15.1386	-nan	16.9881	16.988	14.9291	0	15.9938	0
17.5998	-nan	-nan	17.9937	17.5998	15.3236	17.3437	17.98	16.8122	17.9896	15.9413	15.2967	-nan	16.1406	-nan	17.9881	17.988	15.9414	0	16.9938	0
18.3081	-nan	-nan	18.9935	18.3081	14.3931	18.0936	18.971	16.975	18.9891	11.7239	14.3449	1	17.1273	-nan	18.9872	18.9871	11.724	-nan	17.9935	0
18.9999	-nan	-nan	19.9887	18.9999	13.6741	18.409	19.9369	17.1117	19.9801	11.3327	13.6493	1	16.7678	-nan	19.978	19.9777	11.3328	-nan	18.9887	0
18.9378	-nan	-nan	20.9316	18.9378	10.3173	16.3048	20.6255	15.4312	20.8636	9.81266	10.2762	1	16.4966	-nan	20.8871	20.8857	9.81286	-nan	19.9316	0
19.9486	-nan	-nan	21.9316	19.9486	11.3165	17.3044	21.6255	16.4489	21.8641	13.1445	11.266	-nan	14.0576	-nan	21.8872	21.8858	13.1446	-nan	20.9316	0
20.9593	-nan	-nan	22.9316	20.9593	12.3157	18.304	22.6255	17.4665	22.8646	14.1882	12.2664	-nan	15.084	-nan	22.8872	22.8858	14.1884	-nan	21.9317	0
21.9699	-nan	-nan	23.9316	21.9699	13.3147	19.3036	23.6255	18.484	23.8651	15.2349	13.2683	-nan	16.1089	-nan	23.8873	23.8859	15.2351	0	22.9317	0
22.9804	-nan	-nan	24.9318	22.9804	14.3137	20.3032	24.6255	19.5015	24.8656	16.2828	14.272	-nan	17.1348	-nan	24.8874	24.8859	16.2829	0	23.9318	0
23.9896	-nan	-nan	25.9318	23.9896	15.313	21.3028	25.6255	20.5168	25.8661	17.3275	15.2428	-nan	18.133	-nan	25.8875	25.886	17.3276	0	24.9318	0
23.5947	-nan	-nan	26.8291	23.5947	10.9359	18.5726	26.1043	18.175	26.5913	10.9489	10.8771	1	19.0873	-nan	26.7344	26.7309	10.9492	-nan	25.829	0
23.86	-nan	-nan	27.7299	23.86	9.60027	17.3538	26.6983	17.5653	27.2579	9.43564	9.56545	1	15.7192	-nan	27.6006	27.5954	9.436	-nan	26.7298	0.00445976
24.8771	-nan	-nan	28.7295	24.8771	10.599	18.353	27.6982	18.5932	28.2614	13.358	10.5465	-nan	14.8201	-nan	28.6009	28.5957	13.3583	-nan	27.73	0
25.8954	-nan	-nan	29.73	25.8954	11.5973	19.352	28.6982	19.6231	29.2649	14.4195	11.5725	-nan	15.8836	-nan	29.6012	29.5959	14.4197	-nan	28.7301	0
26.9114	-nan	-nan	30.7298	26.9114	12.596	20.3512	29.6981	20.6493	30.2683	15.516	12.5391	-nan	16.8868	-nan	30.6015	30.5962	15.5163	-nan	29.7303	0
27.9266	-nan	-nan	31.7305	27.9266	13.5949	21.3505	30.6981	21.6743	31.2717	16.5669	13.5118	-nan	17.9046	-nan	31.6018	31.5964	16.5672	-nan	30.7305	0
28.9429	-nan	-nan	32.7301	28.9429	14.5934	22.3496	31.698	22.7012	32.2751	17.6281	14.518	-nan	18.973	-nan	32.6021	32.5967	17.6284	-nan	31.7306	0
29.9593	-nan	-nan	33.7304	29.9593	15.5917	23.3486	32.6979	23.7283	33.2785	18.7154	15.5259	-nan	20.021	-nan	33.6024	33.5969	18.7157	-nan	32.7308	0
30.8001	-nan	-nan	34.7311	30.8001	15.7675	24.3114	33.694	24.3157	34.2802	13.8166	15.4694	1	20.9645	-nan	34.6027	34.5972	13.817	-nan	33.731	0
29.223	-nan	-nan	35.3062	29.223	9.39328	17.8432	33.1664	20.0089	33.262	11.3909	9.41236	1	21.3556	-nan	35.0593	35.0463	11.3914	-nan	34.306	0
29.8431	-nan	-nan	36.2159	29.8431	9.37687	17.8537	33.8933	20.3075	33.8242	9.5224	9.36948	1	15.8709	-nan	35.9511	35.9364	9.52301	-nan	35.2157	0
30.4612	1	-nan	37.1201	30.4627	9.36065	17.8675	34.6175	20.6111	34.3931	9.64333	9.37409	1	16.0445	-nan	36.838	36.8214	9.64394	-nan	36.1199	0
29.7481	1.51706	-nan	37.5977	29.7598	6.86933	14.3044	34.2725	18.7837	33.4721	8.60457	6.86785	1	16.2012	-nan	37.2419	37.2165	8.60528	-nan	36.5974	0.000490725
30.6187	2.47141	-nan	38.5568	30.6307	7.56964	15.0273	35.1655	19.5811	34.328	8.1489	7.5555	1	13.9448	-nan	38.1958	38.1694	8.14968	-nan	37.5565	0.000963372
31.6468	3.47397	-nan	39.5577	31.6579	8.56478	16.0241	36.1625	20.6271	35.3426	12.4588	8.55763	-nan	14.8695	-nan	39.1973	39.1706	12.4594	-nan	38.5575	0
32.6729	4.47633	-nan	40.5584	32.6833	9.56049	17.0207	37.1594	21.6702	36.357	13.6081	9.53431	-nan	15.9074	-nan	40.1988	40.1719	13.6087	-nan	39.5585	0
33.6993	5.47905	-nan	41.5594	33.709	10.5558	18.0174	38.1565	22.7139	37.3715	14.7112	10.5254	-nan	16.9934	-nan	41.2003	41.1732	14.7119	-nan	40.5594	0
34.7254	6.48223	-nan	42.5602	34.7344	11.5505	19.0139	39.1536	23.7572	38.3858	15.8801	11.5247	-nan	18.0812	-nan	42.2018	42.1744	15.8807	-nan	41.5603	0
35.4272	5.93196	-nan	43.5439	35.4398	11.5458	19.7424	40.063	24.1395	39.2223	11.8084	11.601	1	19.0564	-nan	43.182	43.1541	11.8092	-nan	42.5436	0
35.6954	3.63137	-nan	44.3236	35.7311	10.5103	19.0717	40.5556	23.8638	39.5397	11.4146	10.6021	1	19.2006	-nan	43.9338	43.9017	11.4154	-nan	43.3232	0
35.4622	2.98381	-nan	44.9031	35.5443	8.6836	17.0198	40.6349	22.8622	39.3735	10.2991	8.64866	1	18.495	-nan	44.4706	44.4306	10.3	-nan	43.9027	0.000253731
34.9479	3.01633	-nan	10.0974	35.0846	6.90775	14.3757	40.4104	21.6484	38.9082	8.96592	6.75552	1	17.0075	-nan	44.8199	44.7685	8.96701	6.05183	44.301	0.000821813
34.785	3.38018	-nan	10.8984	34.9619	6.06487	12.775	40.4323	21.0676	38.8522	7.92338	5.78544	1	15.507	-nan	45.2595	45.1979	7.92449	6.83745	44.7722	0.000717259
34.6787	2.88786	-nan	10.7626	35.005	5.57026	11.709	40.6185	20.7079	39.1104	7.45758	5.20267	1	14.7841	-nan	45.6831	45.6107	7.4588	7.03208	45.2217	0.00078275
33.8476	2.81351	-nan	2.42222	34.4085	4.47762	9.63551	40.3261	19.4617	39.0329	6.04453	3.67642	1	14.3302	-nan	18.2584	45.5351	6.04564	1.16402	45.2004	0.00841579
34.826	3.83303	-nan	20.0797	35.3744	5.40865	10.5232	41.217	20.4877	39.9429	6.26407	4.59456	1	13.0058	-nan	46.6219	46.5279	6.26524	14.0422	46.158	1.02942e-05
35.8619	4.86801	-nan	28.1477	36.3921	6.37453	11.513	42.1801	21.5493	40.9176	9.80591	5.56216	-nan	14.12	-nan	47.6269	47.532	9.80693	19.174	47.1612	0
36.8959	5.90265	-nan	30.352	37.4094	7.33864	12.505	43.1438	22.6104	41.8924	10.9729	6.56095	-nan	15.2152	-nan	48.6319	48.5361	10.9739	21.5493	48.1645	0
37.6178	6.5707	-nan	15.5198	38.1621	7.74835	13.2945	44.0139	23.1825	42.7743	8.60856	7.12734	1	16.1984	-nan	49.5473	49.4491	8.60984	12.2686	49.0865	0.000787628
38.6194	7.58223	1	25.6539	39.1568	8.68101	14.2938	44.9812	24.1941	43.7528	9.37183	8.18224	1	16.6564	-nan	50.5524	50.4533	9.3732	20.3349	50.0871	0
39.6553	8.60609	2	36.7935	40.1831	9.66264	15.3006	45.9524	25.2688	44.7341	13.1415	8.96905	1.99466	17.7666	-nan	51.5575	51.4575	13.1426	28.1446	51.0903	0
40.6891	9.62972	3	39.2734	41.2081	10.6448	16.309	46.9242	26.3416	45.7156	14.3648	9.98778	2.98121	18.9043	-nan	52.5626	52.4617	14.3659	30.635	52.0934	0
40.7654	7.77123	-nan	7.01177	41.5694	9.83876	16.4579	47.5876	26.1331	46.4591	10.4799	8.90961	1.00277	19.9634	-nan	15.9826	53.0534	10.4813	5.56887	52.7419	0.000959786
41.1952	7.58508	-nan	6.21092	42.1688	9.81127	16.8057	48.3203	26.4318	47.2658	10.1539	8.77059	1	19.1213	-nan	6.97439	53.75	10.1543	5.20893	53.4606	0.00441001
41.894	8.04767	-nan	8.52734	42.9486	10.2458	17.4244	49.1423	27.0762	48.1346	10.3818	9.14133	1	19.0978	-nan	9.2746	54.5351	10.383	7.80079	54.2845	0.001497
40.4673	5.26754	-nan	1.76551	42.8039	9.02406	16.2382	49.4509	26.0675	48.6609	9.82981	7.11473	1	19.5605	-nan	2.14948	54.5688	8.9659	0.877834	53.9902	0.353945
40.8576	5.70052	-nan	3.03979	43.4642	9.47272	16.7062	50.1193	26.6334	49.4189	8.51676	7.17333	1	17.4245	-nan	3.68397	55.5705	8.30024	2.56164	53.7486	0.0606913
41.1077	6.01631	-nan	2.58039	44.0911	9.83401	17.1718	50.8403	27.0814	50.2107	8.76792	7.40285	1	17.7147	-nan	3.32678	56.5725	8.15077	1.75369	54.0646	0.221221
41.4925	6.46377	-nan	2.81425	44.7843	10.3272	17.7703	51.5833	27.6666	51.0118	8.86658	7.73037	1	17.8651	-nan	3.54772	57.5742	7.9136	2.07886	54.3052	0.233892
41.3391	6.49713	-nan	1.84918	45.3236	10.6078	18.1362	52.2495	27.9995	51.7457	8.97034	7.90425	1	18.1898	-nan	2.34312	58.5755	5.62294	0.948503	54.5981	0.491593
42.1951	7.35582	-nan	3.63249	46.2013	11.434	19.0459	53.0777	28.9224	52.6038	9.0489	8.434	1	18.1098	-nan	3.70076	59.5768	7.07003	5.57433	54.4331	0.00951915
42.8062	7.96312	-nan	3.66651	47.0536	12.0554	20.0034	53.9831	29.6934	53.5262	9.55866	9.17853	1	18.8199	-nan	4.44182	60.5779	7.73397	3.04064	55.1478	0.126996
43.8536	8.98854	-nan	4.93427	48.0361	13.0636	20.9934	54.8946	30.7559	54.4507	13.5035	9.82193	-nan	19.3356	-nan	5.46239	61.5771	10.7039	7.70629	55.8735	0
44.8946	10.006	-nan	6.34451	49.0373	14.0531	22.0519	55.845	31.8157	55.4105	14.4127	10.9016	-nan	20.4991	-nan	6.67352	62.5764	12.502	8.73253	56.8324	0
45.9217	11.0225	-nan	8.5305	50.0306	15.0341	23.116	56.7997	32.8563	56.3738	16.5599	11.8748	-nan	21.623	-nan	8.48459	63.576	14.6804	12.6308	57.8196	0
46.8674	11.9312	-nan	10.8569	51.0113	15.9564	24.1805	57.7544	33.8651	57.3377	12.7984	13.1306	1	22.7161	-nan	10.6825	64.5771	12.4799	14.1878	58.8101	0
47.1478	11.8272	-nan	6.23817	51.8433	16.3847	25.1923	58.7021	34.5294	58.2945	13.0521	13.398	1	23.7122	-nan	8.33383	65.5782	11.635	4.9767	59.7832	0.0486161
47.5201	11.8885	-nan	4.91348	52.735	17.0693	26.1477	59.6313	35.3537	59.2362	13.2803	13.8993	1	23.8055	-nan	6.23313	66.5791	9.64572	3.93432	60.7062	0.0417717
48.5804	12.9305	-nan	6.39585	53.7328	18.1031	27.1784	60.5791	36.4155	60.1902	17.6823	14.7425	-nan	24.2792	-nan	6.97944	67.5783	12.6783	11.3168	61.6773	0.0157479
49.6287	13.9702	-nan	8.58275	54.7309	19.1134	28.2419	61.5394	37.465	61.1548	18.9973	15.8884	-nan	25.4891	-nan	8.49231	68.5777	14.7023	13.3224	62.6776	0.0506075
50.6842	15.004	-nan	10.4892	55.7532	20.1705	29.306	62.5017	38.5648	62.1208	19.1754	17.2208	-nan	26.7413	-nan	10.0353	69.577	16.953	7.62183	63.6778	0.046841
51.7174	16.0373	-nan	13.457	56.7524	21.1851	30.3818	63.4707	39.6101	63.0922	21.365	18.1992	-nan	28.0346	-nan	12.4266	70.5764	18.9322	17.1034	64.6782	0.0154673
52.754	17.0619	-nan	16.0656	57.7687	22.2488	31.4518	64.4373	40.6965	64.0622	21.959	19.54	-nan	29.3265	-nan	15.0014	71.5759	20.664	15.5002	65.6786	0.0540963
53.3436	17.21	-nan	16.0942	58.7041	22.9209	32.5343	65.4092	41.5701	65.0369	18.364	20.1677	1	30.7769	-nan	16.5772	72.5769	18.0983	17.6847	66.6804	0.0469742
54.037	17.5597	-nan	16.5319	59.6687	23.7312	33.6107	66.3845	42.5149	66.014	18.7471	20.6762	1	31.2216	-nan	17.6093	73.5779	18.5832	18.9743	67.6821	0.0372285
55.0681	18.5934	-nan	19.015	60.6823	24.8144	34.6835	67.3589	43.5915	66.9903	24.0335	21.6211	-nan	31.9762	-nan	19.5732	74.5774	23.2137	23.7573	68.6827	0
56.0944	19.6175	-nan	21.7167	61.698	25.9066	35.7717	68.336	44.672	67.9694	25.5693	22.8333	-nan	33.2947	-nan	22.0181	75.5771	24.9056	27.1711	69.6834	0.0695844
57.1164	20.6374	-nan	24.3931	62.7124	27.0025	36.8642	69.3141	45.7501	68.949	27.1529	23.9779	-nan	34.6255	-nan	24.8051	76.5768	26.6816	29.7472	70.6842	0.0822287
58.1397	21.6496	-nan	26.664	63.7328	28.1181	37.9589	70.2933	46.841	69.9302	28.233	25.564	-nan	35.994	-nan	27.2571	77.5767	28.0619	30.7418	71.685	0.0039715
58.7029	21.6525	-nan	25.8909	64.677	28.8595	39.0562	71.2736	47.7326	70.913	20.1097	26.4298	1	37.4321	-nan	27.2575	78.5777	21.8547	25.7814	72.6868	0.0441554
57.5442	18.5993	-nan	18.7488	65.5522	29.2876	40.0641	72.2436	48.4471	71.8889	18.7701	23.9439	1	37.816	-nan	17.4288	79.5786	18.0946	13.1418	73.6886	0.0163469
56.0466	16.1413	-nan	14.27	66.482	30.0455	41.0582	73.208	49.3164	72.8609	16.4131	23.1007	1	36.5065	-nan	11.2871	80.5785	12.2442	6.56629	74.6901	0.0483606
57.0036	17.0483	-nan	20.4244	67.4667	31.0391	42.1244	74.1819	50.3235	73.8392	15.982	24.2499	1	36.6224	-nan	16.6792	81.5785	16.4958	27.372	75.6917	0
57.7695	17.7114	-nan	24.9085	68.4547	32.0136	43.1999	75.159	51.3316	74.8203	19.4099	25.7676	1	37.5656	-nan	22.0566	82.5786	20.8528	23.5355	76.6934	0
58.5258	18.3623	-nan	28.0096	69.4497	33.0168	44.2764	76.1371	52.3562	75.8025	20.8582	26.6106	1	38.45	-nan	26.4003	83.5788	23.2162	24.741	77.6951	0
59.5466	19.3866	-nan	30.5731	70.4485	34.0691	45.3501	77.1154	53.3942	76.7846	30.8795	27.6114	-nan	39.3914	-nan	30.2962	84.5778	30.5698	31.0973	78.6961	0
60.5063	20.3271	-nan	32.5077	71.446	35.116	46.4298	78.0946	54.4288	77.7678	18.154	28.983	1	40.6106	-nan	33.2209	85.5779	25.4152	34.1811	79.6978	0
61.5195	21.3479	-nan	33.7313	72.4437	36.1677	47.5068	79.0743	55.4636	78.7514	35.547	30.0457	-nan	41.6982	-nan	35.3855	86.5771	35.4429	34.8096	80.6988	0
62.3187	22.0322	-nan	35.4869	73.4419	37.2158	48.5832	80.0541	56.4988	79.7356	19.0921	31.7211	1	43.0919	-nan	36.5616	87.5773	27.8664	37.5586	81.7005	0
63.3331	23.0475	-nan	37.5161	74.4456	38.2939	49.6625	81.0354	57.5473	80.7212	36.757	33.0831	-nan	44.0815	-nan	38.4321	88.5767	37.8159	39.2789	82.7017	0
63.8503	23.2823	-nan	39.4179	75.4368	39.3012	50.7433	82.0171	58.5614	81.7075	16.9824	33.6873	1	45.6412	-nan	39.4643	89.5769	29.7098	39.9049	83.7034	0
63.9177	22.8902	-nan	40.3022	76.423	40.2877	51.8205	82.9995	59.562	82.6946	9.95498	32.5413	1	46.5959	-nan	40.4805	90.5772	30.6574	36.5543	84.7052	0
64.9324	23.9153	-nan	41.7753	77.4195	41.3393	52.8846	83.9812	60.5908	83.6814	41.6984	34.0389	-nan	47.0609	-nan	41.6754	91.5766	41.682	38.5767	85.7065	0
65.947	24.934	-nan	43.7831	78.4212	42.4095	53.9582	84.9647	61.6312	84.6698	40.5738	35.6588	-nan	48.0215	-nan	43.3278	92.5762	42.7722	41.1994	86.7079	0
66.9606	25.9491	-nan	45.9431	79.4247	43.486	55.0352	85.9491	62.6756	85.6592	40.8358	36.4302	-nan	49.1	-nan	45.4823	93.5758	44.4358	44.0371	87.7093	0
67.973	26.9595	-nan	48.377	80.4308	44.5764	56.113	86.9338	63.7267	86.6489	41.201	37.8319	-nan	50.257	-nan	48.0648	94.5755	46.1651	47.6774	88.7107	0
68.9823	27.9697	-nan	50.0365	81.4343	45.6531	57.1909	87.9192	64.7702	87.6393	43.3673	38.2759	-nan	51.4957	-nan	50.5981	95.5751	49.0083	49.9889	89.7121	0
69.4698	28.123	-nan	50.521	82.4324	46.699	58.2666	88.9041	65.7989	88.6294	10.9268	39.5671	1	52.8811	-nan	51.1135	96.5754	37.4088	46.679	90.7138	0
70.2017	28.6778	-nan	52.2636	83.4349	47.7717	59.3412	89.8898	66.8392	89.6202	12.1394	40.883	1	53.7075	-nan	51.9669	97.576	38.416	49.5461	91.7156	0
71.2122	29.6888	-nan	54.5713	84.4402	48.8563	60.4166	90.8761	67.8858	90.6116	46.3484	42.5589	-nan	54.8247	-nan	53.9592	98.5759	52.5417	52.79	92.7171	0
72.222	30.6953	-nan	57.411	85.4486	49.9571	61.4947	91.8628	68.9406	91.6034	45.8907	43.3045	-nan	56.1518	-nan	56.7017	99.5759	54.0296	57.0574	93.7186	0
73.2306	31.6984	-nan	60.301	86.4593	51.0712	62.5739	92.8501	70.0014	92.5958	46.7454	44.9959	-nan	57.7718	-nan	59.8682	100.576	55.8863	61.2333	94.7202	0
74.2369	32.7017	-nan	62.4138	87.4678	52.1725	63.6526	93.8379	71.0554	93.5888	48.0248	46.214	-nan	59.7714	-nan	62.9258	101.576	58.8643	64.4846	95.7218	0
75.1199	33.4916	-nan	63.4156	88.4719	53.2489	64.7294	94.8256	72.0971	94.5817	13.1958	46.967	1	61.0849	-nan	64.7676	102.577	43.8362	63.4586	96.7236	0
76.1247	34.4935	-nan	65.2478	89.4802	54.3524	65.8046	95.8134	73.1506	95.5749	50.4468	48.113	-nan	62.248	-nan	66.6793	103.577	63.0729	68.5707	97.7251	0
76.7797	34.8707	-nan	65.8851	90.4821	55.4126	66.8804	96.8014	74.1852	96.5682	8.6076	47.5581	1	63.5542	-nan	67.1535	104.578	46.0969	64.5862	98.7268	0
76.9056	34.3562	-nan	66.8551	91.4827	56.4635	67.9542	97.7897	75.2154	97.5618	5.22381	41.8167	1	64.4169	-nan	67.0181	105.578	47.4783	64.1527	99.7286	0
77.912	35.3681	-nan	68.0182	92.4862	57.5354	69.0226	98.778	76.2536	98.5553	55.3023	47.6055	-nan	64.9679	-nan	67.5533	106.579	66.7869	64.1846	100.73	0
78.9185	36.3787	-nan	69.2801	93.4906	58.6122	70.0928	99.7666	77.2943	99.549	55.6651	49.6466	-nan	65.9019	-nan	68.6892	107.579	67.7844	65.2343	101.732	0
79.9244	37.3866	-nan	70.8611	94.4963	59.6949	71.1628	100.755	78.3379	100.543	56.4314	53.1455	-nan	66.9238	-nan	70.4674	108.58	69.082	67.9293	102.733	0
80.9294	38.3942	-nan	72.0873	95.5016	60.7745	72.2324	101.744	79.3802	101.537	58.4561	55.7187	-nan	68.0478	-nan	72.2449	109.58	70.791	69.601	103.735	0
80.5704	37.0667	-nan	73.5891	96.5038	61.8357	73.3008	102.733	80.4135	102.531	3.1515	34.5274	1	69.1891	-nan	72.6833	110.581	52.5764	69.959	104.736	0
80.8974	36.9573	-nan	75.1447	97.5063	62.9	74.3667	103.723	81.4474	103.526	2.82077	33.9172	1	69.941	-nan	73.9126	111.582	53.8784	70.5991	105.738	0
81.2259	36.8813	-nan	76.8172	98.5092	63.9688	75.4309	104.712	82.4827	104.52	2.58274	36.7851	1	70.7538	-nan	75.5659	112.583	55.0617	72.3988	106.74	0
81.6922	37.0464	-nan	77.5924	99.5111	65.0305	76.4932	105.701	83.5145	105.514	2.51758	-nan	1	71.6293	-nan	76.2462	113.584	55.8627	70.7439	107.741	0
82.3398	37.5001	-nan	78.9242	100.514	66.1005	77.5516	106.689	84.549	106.509	2.29336	36.5579	1	72.484	-nan	77.3629	114.585	56.7655	72.8203	108.743	0
83.3443	38.5095	-nan	80.2851	101.517	67.1703	78.6112	107.678	85.5841	107.503	65.3662	34.8721	-nan	73.4112	-nan	78.6521	115.585	78.4997	74.067	109.744	0
84.3482	39.5176	-nan	81.8551	102.52	68.242	79.6714	108.667	86.6204	108.497	60.315	45.1784	-nan	74.3882	-nan	80.308	116.586	80.0626	76.3277	110.746	0
85.3517	40.5245	-nan	83.4741	103.524	69.3173	80.7316	109.657	87.658	109.491	55.9966	50.5077	-nan	75.4005	-nan	82.0997	117.587	81.7323	78.4692	111.747	0
86.3547	41.5306	-nan	85.075	104.529	70.3933	81.7924	110.646	88.6961	110.486	55.0812	55.0812	-nan	-nan	-nan	83.9543	118.587	83.4347	80.631	112.749	0
87.357	42.5358	-nan	86.6564	105.533	71.4689	82.8532	111.636	89.7343	111.481	61.7683	61.7683	-nan	-nan	-nan	85.8608	119.588	85.1292	82.9298	113.75	0
87.641	42.37	-nan	88.1833	106.538	72.5421	83.9138	112.626	90.7713	112.476	1.11597	35.4227	1	1	-nan	87.2358	120.589	62.817	84.4793	114.751	0
88.2633	42.764	-nan	89.5069	107.542	73.6145	84.9729	113.616	91.8075	113.471	1.08353	37.6375	1	1	-nan	88.5364	121.589	63.8152	85.1301	115.753	0
89.2647	43.7689	-nan	90.8389	108.546	74.6897	86.0301	114.606	92.8441	114.466	58.1633	58.1633	-nan	-nan	-nan	89.9559	122.59	89.7388	86.5846	116.754	0
89.9792	44.3075	-nan	92.2868	109.55	75.7648	87.0868	115.597	93.8807	115.462	1.91566	55.2825	1	1	-nan	91.4972	123.59	65.7356	88.6174	117.755	0
90.9807	45.3145	-nan	92.8616	110.554	76.829	88.1428	116.587	94.9132	116.458	66.5436	66.5436	-nan	-nan	-nan	92.2034	124.591	91.6114	87.1696	118.757	0
91.9821	46.3203	-nan	93.9625	111.558	77.8987	89.1963	117.577	95.9476	117.453	69.0047	69.0047	-nan	-nan	-nan	93.2774	125.591	92.4791	89.4052	119.758	0
92.9834	47.326	-nan	95.1004	112.561	78.9654	90.2504	118.568	96.9809	118.448	70.9714	70.9714	-nan	-nan	-nan	94.4463	126.592	93.5613	90.6766	120.759	0
93.6869	47.8336	-nan	96.5554	113.565	80.0332	91.3036	119.559	98.0139	119.444	3.11824	71.6762	1	1	-nan	95.4805	127.592	69.0593	92.3433	121.761	0
94.6875	48.8373	-nan	98.1876	114.569	81.1047	92.3569	120.55	99.0487	120.44	73.2371	73.2371	-nan	-nan	-nan	97.7306	128.592	96.3589	95.333	122.762	0
95.6882	49.8435	-nan	98.8532	115.572	82.1657	93.4101	121.541	100.079	121.435	74.0602	74.0602	-nan	-nan	-nan	98.5391	129.593	97.4599	94.0953	123.763	0
96.6893	50.8508	-nan	99.3565	116.574	83.2242	94.4608	122.532	101.108	122.431	75.5692	75.5692	-nan	-nan	-nan	98.7762	130.593	97.8703	93.5099	124.764	0
97.382	51.3284	-nan	100.832	117.577	84.2879	95.5096	123.523	102.139	123.426	2.74682	68.1612	1	1	-nan	99.2259	131.593	72.1857	95.5063	125.765	0
97.9147	51.5429	-nan	101.524	118.578	85.3382	96.5605	124.514	103.164	124.422	1.25157	56.9807	1	1	-nan	99.351	132.594	72.9998	92.7491	126.766	0
98.9161	52.55	-nan	102.783	119.581	86.3991	97.6062	125.505	104.193	125.417	78.3135	78.3135	-nan	-nan	-nan	101.263	133.594	100.228	95.9125	127.768	0
99.9171	53.5567	-nan	103.938	120.583	87.4583	98.6525	126.496	105.221	126.413	79.9802	79.9802	-nan	-nan	-nan	102.888	134.594	101.635	98.1105	128.769	0
98.6285	50.9085	-nan	104.108	121.583	88.4976	99.6984	127.487	106.241	127.409	1	-nan	1	1	-nan	101.498	135.595	75.0431	93.3849	129.77	0.0251959
98.4984	50.1921	-nan	104.663	122.582	89.5445	100.739	128.478	107.263	128.404	1	-nan	1	1	-nan	101.113	136.595	75.6797	92.1023	130.771	0
99.5007	51.2011	-nan	106.495	123.583	90.6014	101.778	129.468	108.287	129.4	-nan	-nan	-nan	-nan	-nan	102.752	137.595	102.754	95.9716	131.772	0
99.0686	50.0975	-nan	108.174	124.584	91.6554	102.82	130.459	109.312	130.395	1	-nan	1	1	-nan	104.557	138.594	77.9384	97.6518	132.773	0
96.8642	46.8395	-nan	109.622	125.585	92.7079	103.861	131.451	110.336	131.391	1	-nan	1	1	-nan	106.165	139.594	78.9564	99.0877	133.774	0
96.7164	46.3802	-nan	110.29	126.586	93.7528	104.9	132.442	111.357	132.387	1	-nan	1	1	-nan	106.661	140.593	79.6206	97.7535	134.774	0
95.7594	45.0146	-nan	110.864	127.586	94.7973	105.937	133.434	112.377	133.383	1	-nan	1	1	-nan	106.808	141.592	80.1871	97.1565	135.775	0
96.7606	46.0246	-nan	111.17	128.585	95.8364	106.972	134.425	113.395	134.379	101.158	-nan	-nan	101.158	-nan	106.631	142.591	106.604	95.7202	136.776	0
97.7622	47.0353	-nan	111.65	129.583	96.8726	108.005	135.416	114.41	135.374	102.082	-nan	-nan	102.082	-nan	106.66	143.589	106.623	95.3424	137.777	0
98.7277	48.0017	1	111.902	130.581	97.903	109.037	136.407	115.424	136.369	3.13629	-nan	1	102.944	-nan	106.393	144.587	81.7015	93.8792	138.778	0
99.7292	49.0104	2	114.119	131.58	98.9507	110.066	137.398	116.443	137.364	103.738	-nan	1.99111	103.914	-nan	108.559	145.585	108.497	99.7286	139.778	0
99.0252	47.951	-nan	114.909	132.579	99.9843	111.098	138.389	117.458	138.36	3.91679	-nan	1.00065	104.811	-nan	109.087	146.582	83.7186	97.244	140.779	0
98.9075	47.639	-nan	115.021	133.576	101.01	112.127	139.381	118.469	139.355	4.53898	-nan	1	105.725	-nan	108.83	147.579	84.1191	95.1939	141.779	0
98.2624	46.7717	-nan	115.121	134.572	102.031	113.153	140.372	119.477	140.35	5.07749	-nan	1	106.614	-nan	108.59	148.576	84.5154	94.2681	142.78	0
98.5415	46.9676	-nan	116.726	135.569	103.069	114.176	141.362	120.491	141.345	5.27021	-nan	1	107.478	-nan	109.712	149.572	85.4568	97.4002	143.78	0
99.5435	47.9799	-nan	116.61	136.564	104.073	115.202	142.353	121.494	142.34	108.359	-nan	-nan	108.359	-nan	109.752	150.568	109.72	94.2612	144.781	0
100.545	48.9904	-nan	118.245	137.561	105.102	116.222	143.344	122.504	143.334	109.125	-nan	-nan	109.125	-nan	110.949	151.564	110.904	98.0437	145.781	0
101.548	50.0019	-nan	119.138	138.556	106.117	117.244	144.335	123.51	144.329	109.913	-nan	-nan	109.913	-nan	111.65	152.56	111.603	97.1384	146.781	0
101.441	49.7496	-nan	117.721	139.548	107.107	118.265	145.326	124.506	145.324	7.4705	-nan	1	110.696	-nan	110.143	153.556	87.3566	91.5537	147.781	0
102.444	50.7641	-nan	117.127	140.539	108.095	119.278	146.316	125.499	146.317	111.508	-nan	-nan	111.508	-nan	109.495	154.551	109.56	91.5724	148.782	0
103.448	51.7793	-nan	116.825	141.53	109.08	120.289	147.306	126.49	147.311	112.218	-nan	-nan	112.218	-nan	108.923	155.547	109.032	90.8498	149.782	0.0491848
104.228	52.5379	-nan	115.718	142.518	110.054	121.299	148.295	127.477	148.304	8.9986	-nan	1	112.924	-nan	107.336	156.542	87.1361	87.2528	150.782	0.0491537
104.675	52.9093	-nan	114.874	143.506	111.025	122.306	149.284	128.462	149.296	9.51863	26.3229	1	113.722	-nan	106.12	157.538	86.8614	85.5258	151.782	0
105.681	53.9277	-nan	114.149	144.491	111.975	123.308	150.273	129.438	150.288	113.168	37.403	-nan	114.493	-nan	105.489	158.533	105.776	84.7304	152.781	0.0493866
106.689	54.9456	-nan	115.506	145.478	112.944	124.306	151.262	130.421	151.279	112.038	63.7807	-nan	115.12	-nan	105.552	159.528	105.883	86.5783	153.781	0
107.697	55.9636	-nan	117.365	146.466	113.908	125.308	152.25	131.403	152.271	112.147	85.6773	-nan	115.769	-nan	106.409	160.523	106.771	87.0492	154.781	0
108.705	56.9829	-nan	117.88	147.45	114.849	126.309	153.24	132.377	153.263	112.117	88.1711	-nan	116.402	-nan	107.263	161.518	107.628	85.7845	155.78	0
109.036	57.2035	-nan	114.667	148.43	115.751	127.307	154.228	133.336	154.255	21.6458	82.0437	1	117.026	-nan	104.944	162.513	88.1377	79.4192	156.78	0
107.208	54.9993	-nan	110.179	149.403	116.614	128.293	155.215	134.276	155.244	22.2412	-nan	1	117.706	-nan	101.591	163.508	86.5695	75.4304	157.779	0
107.762	55.5169	-nan	108.614	150.379	117.517	129.268	156.2	135.229	156.232	22.9674	24.815	1	118.359	-nan	98.7094	164.503	85.0662	74.5379	158.779	0
108.224	55.9416	-nan	103.395	151.343	118.312	130.245	157.185	136.142	157.22	26.533	40.9382	1	119.288	-nan	96.2088	165.498	83.7426	70.1414	159.778	0
108.127	55.7477	-nan	100.174	152.308	119.137	131.203	158.168	137.062	158.205	27.4107	83.3543	1	119.665	-nan	93.1584	166.493	81.84	69.4601	160.777	0
108.229	55.7886	-nan	96.4414	153.268	119.922	132.16	159.151	137.967	159.189	29.2852	81.7231	1	120.275	-nan	90.1848	167.488	79.9826	66.6574	161.776	0.0386388
109.075	56.6438	-nan	93.3763	154.226	120.7	133.107	160.132	138.867	160.172	32.2665	90.9878	1	120.865	-nan	87.4098	168.483	78.2301	64.9581	162.775	0
110.088	57.6737	-nan	91.5415	155.177	121.419	134.044	161.113	139.745	161.155	118.401	91.6766	-nan	121.369	-nan	85.8977	169.477	89.1189	65.0617	163.774	0
111.025	58.6265	-nan	88.0007	156.124	122.114	134.978	162.092	140.611	162.136	41.8859	95.8523	1	121.641	-nan	82.5368	170.472	75.6014	60.9124	164.772	0.00907171
109.554	56.9877	-nan	80.0053	157.055	122.701	135.887	163.069	141.431	163.113	45.4297	94.8145	1	122.063	-nan	66.1725	171.466	63.5481	42.708	165.771	0
110.33	57.7687	-nan	80.8533	157.993	123.357	136.791	164.043	142.277	164.088	48.3719	95.5267	1	122.354	-nan	72.577	172.46	68.8656	53.3372	166.769	0
110.291	57.6973	-nan	76.7148	158.912	123.858	137.687	165.018	143.063	165.063	50.7587	93.3414	1	122.697	-nan	68.5888	173.455	65.9862	48.2709	167.768	0.0113391
111.31	58.7324	-nan	76.2888	159.828	124.342	138.555	165.989	143.841	166.033	118.991	96.9643	-nan	123.003	-nan	72.0833	174.449	78.1597	55.589	168.765	0
111.906	59.3397	-nan	72.7364	160.743	124.843	139.42	166.959	144.619	167.002	56.2304	96.8638	1	123.041	-nan	67.9496	175.443	66.0537	49.5966	169.763	0.0234511
112.924	60.3788	-nan	70.9579	161.642	125.223	140.256	167.927	145.347	167.969	118.312	96.2203	-nan	123.259	-nan	68.0419	176.436	75.0838	52.0288	170.761	0
113.94	61.4192	-nan	68.5348	162.531	125.535	141.071	168.893	146.046	168.933	117.053	95.5452	-nan	123.227	-nan	66.8724	177.43	74.6051	51.7584	171.758	0
114.953	62.4602	-nan	66.4189	163.406	125.745	141.862	169.856	146.703	169.893	118.254	95.9153	-nan	123.858	-nan	65.5006	178.423	74.7106	51.8156	172.755	0
115.97	63.5052	-nan	64.4697	164.283	125.986	142.63	170.816	147.369	170.851	116.738	97.8823	-nan	124.048	-nan	63.0549	179.416	73.447	48.8672	173.752	0
116.565	64.1298	-nan	58.0867	165.131	126.066	143.374	171.774	147.955	171.802	72.7192	94.2394	1	124.048	-nan	55.7745	180.41	58.807	39.6965	174.749	0
117.171	64.7669	-nan	54.1235	165.957	126.007	144.071	172.724	148.48	172.746	74.3482	92.7661	1	124.071	-nan	51.9133	181.404	55.7282	38.0425	175.746	2.08071e-05
118.191	65.8162	-nan	54.0088	166.76	125.738	144.738	173.67	148.931	173.688	116.886	93.7731	-nan	124.107	-nan	53.246	182.396	65.2237	43.8774	176.742	0.00603005
119.203	66.8671	-nan	52.6624	167.549	125.388	145.362	174.61	149.343	174.625	116.61	94.4316	-nan	123.925	-nan	52.9281	183.389	65.8723	43.3794	177.738	0
120.211	67.9181	-nan	51.3996	168.32	124.933	145.951	175.545	149.707	175.556	116.739	94.1927	-nan	123.721	-nan	52.1657	184.382	65.8339	43.4948	178.734	0
121.217	68.9709	-nan	49.9704	169.079	124.403	146.499	176.475	150.034	176.482	116.787	94.763	-nan	123.898	-nan	50.9883	185.374	65.9572	42.4918	179.73	0
122.222	70.0288	-nan	47.531	169.832	123.855	147.013	177.4	150.351	177.404	115.539	95.9862	-nan	123.913	-nan	48.8531	186.366	65.3971	39.4928	180.726	0
123.227	71.0871	-nan	45.8116	170.566	123.215	147.496	178.323	150.613	178.32	115.952	94.5333	-nan	123.693	-nan	47.0912	187.358	64.3318	38.967	181.721	0.000969949
124.229	72.1435	-nan	45.3041	171.276	122.44	147.931	179.24	150.811	179.23	116.708	92.7263	-nan	123.395	-nan	46.457	188.35	64.2959	40.0979	182.716	0
125.226	73.2095	-nan	42.4736	171.975	121.583	148.321	180.149	150.978	180.134	113.933	93.2972	-nan	122.994	-nan	44.2005	189.342	63.1383	35.7644	183.711	0
126.225	74.2724	-nan	41.5988	172.647	120.664	148.65	181.051	151.084	181.024	115.293	90.5412	-nan	122.495	-nan	43.0434	190.333	61.8557	37.0275	184.706	0
127.22	75.3382	-nan	40.4426	173.299	119.607	148.927	181.944	151.133	181.909	114.206	89.7817	-nan	121.972	-nan	42.0112	191.324	61.3362	35.998	185.7	0.00533954
128.211	76.4067	-nan	39.1329	173.929	118.436	149.158	182.83	151.126	182.785	114.293	88.5265	-nan	122.153	-nan	40.8138	192.315	61.1723	34.9459	186.694	0.00668872
129.199	77.4764	-nan	38.127	174.533	117.133	149.33	183.708	151.05	183.651	114.561	87.1394	-nan	122.124	-nan	39.8083	193.305	61.0711	34.5422	187.688	0
130.182	78.5476	-nan	37.16	175.113	115.711	149.436	184.577	150.911	184.509	114.195	85.7887	-nan	121.803	-nan	38.934	194.295	60.9405	34.0347	188.682	0.0180604
129.962	78.5123	-nan	22.816	175.409	113.109	149.053	185.374	150.075	185.252	90.606	81.3694	1	121.257	-nan	25.6731	195.286	36.2516	16.8278	189.677	0
130.997	79.5967	-nan	25.4861	175.801	110.65	148.686	186.19	149.414	186.066	109.008	82.0024	-nan	119.759	-nan	26.3039	196.276	45.5292	25.7445	190.67	0
131.992	80.6753	-nan	27.8569	176.164	108.258	148.121	186.983	148.708	186.854	110.339	80.6169	-nan	118.778	-nan	28.466	197.265	48.9401	27.7781	191.663	0
132.955	81.7555	-nan	28.5069	176.498	105.705	147.499	187.763	147.928	187.636	109.234	81.1368	-nan	117.867	-nan	29.769	198.253	51.534	27.8397	192.656	0.010001
133.371	82.5276	-nan	20.0808	176.588	102.523	146.279	188.439	146.632	188.278	88.7973	79.214	1	117.725	-nan	22.9646	199.243	35.5523	17.0078	193.65	0
133.228	82.6906	-nan	14.2141	176.505	99.2144	144.455	189.014	145.044	188.771	88.5033	74.7286	1	116.316	-nan	16.2588	200.233	25.8834	12.1884	194.643	0
134.238	83.7478	-nan	18.0677	176.724	96.7219	143.366	189.715	144.085	189.469	88.6118	74.1847	1	114.636	-nan	18.4671	201.223	29.3666	20.6011	195.637	0
135.274	84.8232	-nan	22.0228	176.948	94.0408	142.268	190.42	143.095	190.191	104.669	75.329	-nan	113.878	-nan	22.2153	202.21	42.393	24.657	196.629	0.0609273
136.233	85.9004	-nan	23.4602	177.149	91.3392	141.086	191.11	142.062	190.901	103.436	75.3413	-nan	112.822	-nan	24.6158	203.197	46.9487	24.6309	197.62	0.0168867
137.15	86.9849	-nan	22.6061	177.308	88.5168	139.802	191.779	140.938	191.595	101.184	76.1405	-nan	111.723	-nan	24.6691	204.184	48.2907	22.9944	198.611	0
138.068	88.0638	-nan	22.5774	177.471	85.9849	138.43	192.418	139.89	192.254	102.123	74.8629	-nan	110.832	-nan	24.623	205.17	48.4043	23.7615	199.602	0.00334433
138.98	89.1443	-nan	22.3164	177.629	83.4811	137.089	193.046	138.85	192.907	101.031	74.3544	-nan	109.874	-nan	24.4047	206.156	48.629	23.4015	200.593	0.00476426
139.704	90.2203	-nan	19.0453	177.629	80.9375	135.403	193.585	137.565	193.459	87.2012	72.0211	1	108.736	-nan	21.5141	207.144	36.0443	18.7151	201.585	0.00580806
140.632	91.3133	-nan	19.2312	177.701	78.2748	133.858	194.162	136.366	194.073	97.4593	72.9217	-nan	107.647	-nan	21.0441	208.129	43.9304	20.4409	202.575	0.0226161
141.556	92.4011	-nan	19.907	177.787	76.0136	132.156	194.701	135.283	194.649	97.9613	71.1571	-nan	106.331	-nan	21.5328	209.114	44.3476	21.5101	203.564	0.0251252
142.461	93.4912	-nan	19.9501	177.871	73.7785	130.511	195.236	134.208	195.229	96.5247	70.727	-nan	105.227	-nan	21.7628	210.098	45.0911	21.3272	204.554	0.00784607
143.355	94.5851	-nan	19.5279	177.945	71.6086	128.885	195.755	133.146	195.793	95.3494	70.2536	-nan	104.269	-nan	21.5088	211.082	45.1268	20.7539	205.542	0.00861314
144.258	95.6768	-nan	19.5545	178.042	69.6977	127.304	196.253	132.196	196.334	95.1408	69.2188	-nan	103.192	-nan	21.4767	212.066	44.9387	21.1722	206.531	0.0145455
145.14	96.779	-nan	18.563	178.11	67.6438	125.849	196.746	131.194	196.864	92.8514	68.9965	-nan	102.395	-nan	20.6631	213.049	44.5088	19.561	207.518	0.000805979
146.04	97.8796	-nan	18.31	178.199	65.8903	124.39	197.208	130.314	197.358	92.7547	67.785	-nan	101.324	-nan	20.2616	214.031	43.5529	19.8011	208.506	0.00146887
146.921	98.9931	-nan	17.1336	178.25	63.9444	123.019	197.669	129.348	197.846	90.2917	67.5982	-nan	100.588	-nan	19.1875	215.013	42.786	18.0151	209.493	0.0221819
147.827	100.105	-nan	16.8343	178.321	62.3218	121.564	198.1	128.502	198.297	89.8	65.9539	-nan	99.5511	-nan	18.6776	215.993	41.6713	18.207	210.479	0.0133517
148.769	101.206	-nan	17.5532	178.468	61.1124	120.187	198.541	127.869	198.756	90.2575	64.6835	-nan	98.5071	-nan	19.1811	216.974	41.8003	19.6715	211.465	0
149.679	102.318	-nan	16.9848	178.59	59.6248	118.972	199.017	127.126	199.254	87.9435	64.8792	-nan	98.1095	-nan	18.8627	217.954	42.3828	18.2995	212.45	0
150.605	103.427	-nan	16.9225	178.738	58.397	117.659	199.489	126.473	199.754	87.8406	64.0509	-nan	97.342	-nan	18.7396	218.934	42.0701	18.6176	213.435	0
151.506	104.548	-nan	15.9244	178.856	56.9345	116.477	199.971	125.731	200.265	85.7357	63.8308	-nan	96.9453	-nan	17.889	219.913	41.7865	17.0129	214.42	0.000787553
152.451	105.659	-nan	16.1053	179.038	55.9107	115.361	200.429	125.218	200.738	86.4634	62.6802	-nan	96.1249	-nan	17.8339	220.891	41.0654	17.9462	215.404	0.00175212
153.395	106.773	-nan	15.8711	179.246	54.8106	114.537	200.913	124.746	201.231	85.4359	62.6677	-nan	95.7672	-nan	17.6303	221.868	41.3047	17.3757	216.387	0
154.325	107.899	-nan	14.8475	179.442	53.5459	113.843	201.404	124.236	201.724	83.8088	62.3962	-nan	95.5376	-nan	16.6756	222.845	40.6283	15.7085	217.369	0
155.304	109.018	-nan	14.8217	179.702	52.6979	113.096	201.888	123.92	202.201	84.3886	61.1127	-nan	94.9473	-nan	16.3903	223.821	39.4647	16.1634	218.352	0
156.311	110.133	-nan	15.1918	180.018	52.0293	112.42	202.41	123.707	202.722	84.4974	60.3306	-nan	94.5472	-nan	16.6349	224.797	39.5886	16.7404	219.333	0
157.317	111.248	-nan	15.2797	180.36	51.3673	111.745	202.986	123.486	203.313	84.0436	59.7713	-nan	94.391	-nan	16.7892	225.772	40.0798	16.7117	220.315	0
157.368	112.365	-nan	9.13623	179.946	49.7225	110.009	203.257	121.94	203.595	72.5722	56.9281	1	93.7259	-nan	10.9328	226.756	22.0495	8.03145	221.302	0
158.321	113.505	-nan	9.29617	180.081	48.8937	109.635	203.737	121.477	204.053	69.07	55.7303	1	91.6174	-nan	10.3186	227.741	21.2665	9.73694	222.29	0
159.683	114.638	-nan	11.3631	180.549	48.3992	109.469	204.344	121.552	204.645	79.0375	56.2797	-nan	91.4052	-nan	11.9507	228.715	30.1579	12.749	223.27	0
160.907	115.77	-nan	12.1942	181.061	47.9965	109.253	204.985	121.684	205.28	78.9977	56.1745	-nan	91.5519	-nan	13.0678	229.688	33.0458	12.9047	224.249	0
162.049	116.904	1	11.8322	181.616	47.9897	109.229	205.674	121.939	205.977	70.6764	56.4297	1	91.9968	-nan	12.9863	230.672	27.3979	12.1421	225.235	0
162.997	118.038	-nan	10.3906	182.052	47.6143	109.222	206.346	121.936	206.655	68.7442	55.7322	1.02548	91.6996	-nan	11.6222	231.655	24.6449	10.0733	226.221	0
164.344	119.157	-nan	12.0373	182.672	47.3507	109.378	207.044	122.256	207.354	79.9689	56.4491	-nan	91.8442	-nan	12.7052	232.628	32.4543	13.5727	227.2	0
165.613	120.272	-nan	12.8861	183.342	47.1477	109.722	207.751	122.685	208.057	80.3984	56.8353	-nan	92.2057	-nan	13.6671	233.601	34.8154	13.6983	228.179	0
166.54	121.403	-nan	10.394	183.925	46.9126	110.255	208.467	122.98	208.761	68.8874	55.7396	1	92.3455	-nan	11.6655	234.584	25.3038	9.49552	229.165	0
167.928	122.534	-nan	11.4723	184.635	46.6796	110.503	209.208	123.436	209.5	79.2433	56.1307	-nan	92.7113	-nan	12.1688	235.556	32.8671	12.2916	230.143	0
169.218	123.689	-nan	11.0207	185.329	46.0481	110.748	209.956	123.793	210.247	76.9516	56.2834	-nan	93.5093	-nan	11.8778	236.525	34.6709	10.7172	231.119	0.0145783
170.508	124.852	-nan	10.4934	186.021	45.3664	111.039	210.704	124.14	210.992	76.2398	54.887	-nan	93.9275	-nan	11.3423	237.492	34.2937	10.0905	232.094	0.0147708
171.849	125.992	-nan	11.1718	186.751	45.1534	111.437	211.458	124.628	211.743	79.1018	53.0843	-nan	93.9474	-nan	11.8152	238.46	33.801	11.4094	233.069	0.00453935
173.182	127.137	-nan	11.3574	187.516	44.8731	111.86	212.222	125.161	212.509	77.9918	52.8845	-nan	94.5163	-nan	12.0417	239.428	35.1988	11.2002	234.043	0.0121718
174.526	128.266	-nan	12.0691	188.304	44.8193	112.319	212.991	125.766	213.282	79.7047	52.0865	-nan	94.836	-nan	12.6603	240.396	35.9522	12.2635	235.018	0
175.836	129.421	-nan	11.1402	189.099	44.1981	112.769	213.762	126.298	214.061	75.017	52.3039	-nan	95.8428	-nan	11.9395	241.361	37.3934	10.292	235.991	0
176.784	130.556	-nan	9.44451	189.716	43.874	113.551	214.559	126.562	214.862	65.3319	49.6696	1	95.4617	-nan	10.3313	242.342	24.7841	8.38998	236.975	0
177.944	131.674	-nan	9.46634	190.39	43.7688	114.329	215.362	126.958	215.671	65.3717	48.8536	1	94.8343	-nan	10.0919	243.323	23.5414	9.12881	237.959	0
178.446	132.799	-nan	7.35615	190.69	42.5852	114.846	216.166	126.461	216.48	62.3036	47.5762	1	94.5528	-nan	8.14611	244.305	19.9411	6.19417	238.943	0
180.38	133.924	-nan	10.381	191.631	42.7474	115.271	216.955	127.365	217.281	73.7325	47.9577	-nan	92.4631	-nan	10.2927	245.271	30.8601	11.9555	239.916	0
181.971	135.048	-nan	12.4812	192.569	43.0169	115.737	217.747	128.278	218.088	75.769	48.0763	-nan	93.4511	-nan	12.4962	246.238	36.0766	13.0414	240.89	0
183.412	136.181	-nan	13.2501	193.506	43.1968	116.214	218.54	129.177	218.897	76.223	48.8847	-nan	94.6512	-nan	13.615	247.203	39.6752	12.8522	241.862	0
184.792	137.332	-nan	13.0821	194.431	43.1701	116.698	219.331	130.023	219.707	76.0001	49.6675	-nan	95.9135	-nan	13.6561	248.167	41.4324	12.3165	242.833	0
186.165	138.485	-nan	13.2799	195.352	43.2487	117.234	220.124	130.878	220.518	77.7825	49.329	-nan	96.8848	-nan	13.8021	249.131	41.9917	12.7943	243.804	0
186.023	139.642	-nan	8.02097	195.406	41.6098	117.858	220.943	129.784	221.355	63.026	45.3288	1	97.1708	-nan	9.13623	250.112	22.6156	6.25022	244.788	0
187.032	140.8	-nan	8.61168	195.903	41.202	118.345	221.759	129.755	222.185	60.4636	43.5603	1	93.194	-nan	9.14531	251.094	21.4488	8.77377	245.772	0.00522591
188.997	141.975	-nan	11.8728	196.963	41.5559	118.805	222.555	130.916	223	71.4519	45.7799	-nan	92.6954	-nan	11.5955	252.058	35.1932	12.2205	246.743	0
190.646	143.175	-nan	13.3076	198.02	41.6672	119.308	223.35	132.045	223.815	71.4702	47.0724	-nan	94.3118	-nan	13.2679	253.02	40.9797	12.1098	247.713	0
192.154	144.374	-nan	14.192	199.053	41.9006	119.856	224.146	133.144	224.632	74.5231	47.7553	-nan	95.6928	-nan	14.3052	253.981	43.9459	13.1948	248.682	0.00165092
193.611	145.578	-nan	14.8494	200.081	42.1718	120.432	224.942	134.245	225.45	76.3632	48.5007	-nan	97.0708	-nan	15.0183	254.943	46.3168	13.9336	249.651	0
195.051	146.794	-nan	15.1346	201.113	42.3544	121.067	225.74	135.345	226.27	76.8442	49.1112	-nan	98.5157	-nan	15.3822	255.904	48.339	14.0288	250.619	0.00299207
196.488	148.007	-nan	15.6682	202.154	42.6044	121.778	226.538	136.481	227.092	78.2554	49.2087	-nan	99.8662	-nan	15.8514	256.864	50.1616	14.6875	251.587	0
197.912	149.179	-nan	17.7375	203.206	43.2787	122.548	227.34	137.698	227.919	83.0026	49.0177	-nan	100.956	-nan	17.5558	257.827	52.5752	18.8676	252.557	0
199.331	150.342	-nan	19.4124	204.289	43.934	123.331	228.144	138.979	228.75	83.2765	50.1685	-nan	102.494	-nan	19.181	258.789	56.1059	19.1624	253.526	0
200.724	151.484	-nan	21.2422	205.384	44.7453	124.143	228.951	140.308	229.588	85.8774	51.0075	-nan	103.945	-nan	20.9752	259.752	59.3521	21.9621	254.496	0
202.089	152.634	-nan	22.493	206.482	45.5266	124.968	229.761	141.644	230.431	87.0525	52.1967	-nan	105.605	-nan	22.4232	260.716	62.4629	22.5005	255.466	0
203.425	153.792	-nan	23.4597	207.576	46.3187	125.812	230.574	142.971	231.279	88.9528	53.2532	-nan	107.233	-nan	23.5676	261.679	65.0657	23.6204	256.435	0
204.743	154.953	-nan	24.6483	208.663	47.1473	126.677	231.391	144.289	232.134	91.141	54.2924	-nan	108.825	-nan	24.753	262.643	67.4694	25.1865	257.405	0
206.066	156.164	-nan	23.5371	209.756	47.5287	127.518	232.209	145.565	232.994	88.7083	55.8415	-nan	110.841	-nan	24.15	263.603	68.7928	21.4077	258.373	0
207.378	157.372	-nan	23.6291	210.842	48.1229	128.388	233.031	146.848	233.861	92.0292	55.7383	-nan	112.344	-nan	23.976	264.563	70.2256	22.6256	259.34	0
208.695	158.576	-nan	24.743	211.937	48.8741	129.284	233.858	148.17	234.736	94.5585	56.0306	-nan	113.835	-nan	24.7317	265.525	72.126	24.6565	260.309	0
210.032	159.814	-nan	24.5283	213.052	49.3992	130.176	234.687	149.514	235.614	93.0008	56.8095	-nan	115.655	-nan	24.7184	266.484	73.3508	22.5216	261.276	0
211.355	161.029	-nan	25.966	214.164	50.2315	131.093	235.521	150.886	236.499	97.3797	56.9992	-nan	117.13	-nan	25.6852	267.445	75.9796	26.0009	262.243	0
212.675	162.224	-nan	28.4976	215.287	51.2812	132.036	236.359	152.309	237.391	100.65	57.9001	-nan	118.624	-nan	27.8103	268.408	79.104	30.6145	263.213	0
214.008	163.434	-nan	29.3007	216.437	52.188	132.971	237.2	153.78	238.286	99.6153	59.2321	-nan	120.55	-nan	28.9335	269.369	81.4938	27.1991	264.181	0
215.321	164.608	-nan	31.7448	217.583	53.3627	133.947	238.045	155.275	239.188	104.123	60.2573	-nan	122.117	-nan	30.8359	270.333	85.0793	33.2329	265.15	0
216.647	165.773	-nan	33.3606	218.754	54.5013	134.932	238.894	156.826	240.093	104.436	61.9091	-nan	124.012	-nan	32.4244	271.295	87.7714	32.2759	266.119	0
217.965	166.902	-nan	35.6277	219.929	55.7858	135.943	239.746	158.407	241.004	107.324	63.3087	-nan	125.78	-nan	34.3339	272.259	91.2643	35.8703	267.089	0
219.325	168.037	-nan	34.457	221.149	56.7151	136.936	240.6	160.063	241.919	104.001	65.2385	-nan	127.96	-nan	33.9959	273.219	91.7993	26.3463	268.056	0
220.643	169.185	-nan	33.8685	222.335	57.6764	137.952	241.459	161.644	242.84	107.43	66.4679	-nan	129.869	-nan	33.2062	274.178	94.7696	28.4397	269.022	0
221.925	170.323	-nan	36.0582	223.497	58.8921	139.016	242.321	163.191	243.765	112.907	67.6885	-nan	131.539	-nan	34.2058	275.14	98.8206	35.4587	269.991	0
223.187	171.45	-nan	40.07	224.651	60.3078	140.129	243.188	164.742	244.696	117.034	69.3079	-nan	133.14	-nan	37.1625	276.105	102.544	43.1051	270.961	0
224.446	172.59	-nan	43.0615	225.808	61.6686	141.268	244.059	166.299	245.631	118.077	71.3657	-nan	134.968	-nan	40.2193	277.069	105.277	43.6837	271.931	0
225.697	173.748	-nan	44.29	226.964	62.9464	142.429	244.932	167.847	246.57	119.01	73.0187	-nan	136.814	-nan	42.252	278.033	107.566	42.1458	272.901	0
226.923	174.898	-nan	47.0461	228.108	64.4103	143.624	245.81	169.382	247.515	123.111	74.5982	-nan	138.401	-nan	44.805	278.999	111.128	47.9426	273.872	0
228.145	176.081	-nan	48.3527	229.253	65.798	144.82	246.69	170.916	248.464	123.873	76.3869	-nan	140.19	-nan	46.5674	279.965	112.85	46.712	274.843	0
229.381	177.306	-nan	47.3963	230.405	66.9585	146.005	247.572	172.448	249.415	122.709	77.769	-nan	142.082	-nan	46.6406	280.929	113.174	42.435	275.812	0
230.597	178.513	-nan	49.2507	231.544	68.3719	147.204	248.458	173.965	250.373	127.391	79.0999	-nan	143.647	-nan	48.1376	281.895	116.861	49.5298	276.783	0
231.805	179.701	-nan	53.767	232.68	69.9826	148.416	249.349	175.494	251.336	130.88	80.9872	-nan	145.165	-nan	51.8211	282.863	119.995	58.6705	277.756	0
233.044	180.926	-nan	53.4715	233.845	71.2823	149.607	250.241	177.072	252.302	127.667	82.5031	-nan	147.138	-nan	53.4108	283.828	119.519	46.9318	278.727	0
234.302	182.18	-nan	51.1005	235.026	72.3834	150.788	251.135	178.68	253.272	126.111	83.3534	-nan	148.999	-nan	52.7778	284.791	119.366	41.9116	279.696	0
235.628	183.434	-nan	47.9023	236.261	73.1849	151.96	252.031	180.417	254.244	121.459	83.3071	-nan	150.852	-nan	50.9299	285.752	116.663	33.1145	280.664	0
236.869	184.561	-nan	47.7764	237.434	74.6645	153.148	252.93	182.038	255.221	132.124	84.4982	-nan	152.607	-nan	49.8339	286.715	126.134	44.5991	281.633	0
238.082	185.597	-nan	54.1035	238.607	76.6124	154.372	253.833	183.697	256.201	139.51	87.452	-nan	154.112	-nan	53.2757	287.682	132.459	59.6568	282.605	0
239.315	186.63	-nan	58.1715	239.8	78.4543	155.601	254.737	185.407	257.183	138.66	89.9921	-nan	156.018	-nan	57.6803	288.649	132.865	60.9836	283.576	0
240.529	187.664	-nan	61.9187	240.978	80.3248	156.856	255.645	187.078	258.168	142.047	93.2874	-nan	157.849	-nan	62.0219	289.616	136.533	65.2606	284.547	0
241.71	188.695	-nan	68.2222	242.132	82.3679	158.144	256.555	188.696	259.157	147.348	97.3222	-nan	159.49	-nan	67.714	290.587	141.368	73.3462	285.521	0
242.933	189.737	-nan	68.4777	243.314	83.9088	159.43	257.466	190.363	260.146	142.965	100.638	-nan	161.524	-nan	70.413	291.553	139.006	56.9223	286.491	0
244.13	190.785	-nan	67.3857	244.474	85.4516	160.739	258.378	191.969	261.138	146.393	103.378	-nan	163.364	-nan	71.2785	292.519	142.828	61.2085	287.46	0
245.29	191.833	-nan	68.8907	245.61	87.2554	162.075	259.293	193.524	262.132	152.67	107.082	-nan	165.02	-nan	72.7317	293.488	148.799	67.4502	288.431	0
246.454	192.891	-nan	70.4748	246.749	88.9633	163.422	260.21	195.084	263.128	153.459	109.901	-nan	166.774	-nan	74.2748	294.457	149.854	70.8836	289.401	0
247.615	193.957	-nan	72.8293	247.883	90.6445	164.78	261.128	196.627	264.126	155.253	112.47	-nan	168.52	-nan	76.2388	295.425	151.798	75.8408	290.372	0
248.767	195.022	-nan	77.1041	249.01	92.4363	166.141	262.05	198.158	265.127	158.381	115.504	-nan	170.201	-nan	79.4635	296.395	154.944	83.5752	291.343	0
249.935	196.115	-nan	78.7048	250.147	93.9578	167.498	262.972	199.7	266.131	156.15	115.755	-nan	172.018	-nan	81.8217	297.364	153.507	74.1892	292.313	0
251.076	197.206	-nan	83.4239	251.264	95.7558	168.856	263.897	201.2	267.137	162.147	120.351	-nan	173.675	-nan	85.0125	298.334	159.491	91.9985	293.285	0
252.206	198.284	-nan	92.3761	252.377	97.7667	170.21	264.826	202.697	268.147	166.175	125.015	-nan	175.249	-nan	91.5035	299.307	163.489	105.412	294.258	0
253.356	199.37	-nan	99.8145	253.504	99.6287	171.553	265.755	204.227	269.159	164.948	125.917	-nan	177.094	-nan	98.1434	300.279	162.919	102.911	295.23	0
254.526	200.479	-nan	103.029	254.646	101.298	172.885	266.686	205.792	270.174	162.566	125.736	-nan	178.959	-nan	102.757	301.249	161.241	41.402	296.201	0
255.634	201.537	-nan	118.638	255.737	103.593	174.221	267.621	207.235	271.192	174.042	136.042	-nan	180.35	-nan	110.883	302.226	172.541	142.787	297.178	0
256.761	202.617	-nan	130.743	256.852	105.637	175.54	268.556	208.73	272.212	173.035	138.268	-nan	182.284	-nan	120.982	303.2	172.168	143.118	298.152	0
257.868	203.676	-nan	143.919	257.95	107.882	176.862	269.494	210.189	273.234	177.352	143.944	-nan	183.845	-nan	133.738	304.177	176.629	154.051	299.128	0
258.979	204.729	-nan	154.78	259.053	110.057	178.179	270.434	211.655	274.258	178.696	148.275	-nan	185.677	-nan	146.852	305.154	178.224	170.803	300.104	0
260.086	205.75	-nan	166.026	260.153	112.304	179.492	271.375	213.113	275.284	181.281	152.821	-nan	187.386	-nan	158.977	306.132	180.951	185.125	301.081	0
261.205	206.75	-nan	175.492	261.264	114.386	180.801	272.316	214.594	276.311	182.041	157.077	-nan	189.358	-nan	169.226	307.108	181.892	156.73	302.056	0
262.317	207.751	-nan	185.989	262.368	116.472	182.108	273.259	216.055	277.338	184.678	161.778	-nan	191.187	-nan	178.092	308.084	184.62	183.353	303.032	0
263.421	208.751	-nan	196.926	263.467	118.584	183.419	274.203	217.499	278.367	187.424	166.538	-nan	192.983	-nan	185.95	309.061	187.417	199.457	304.008	0
264.521	209.751	-nan	206.543	264.561	120.68	184.726	275.149	218.93	279.396	189.961	171.662	-nan	194.8	-nan	192.842	310.038	189.978	205.856	304.986	0
265.617	210.751	-nan	215.014	265.653	122.726	186.029	276.095	220.347	280.427	192.394	176.945	-nan	196.644	-nan	198.548	311.016	192.415	209.116	305.963	0
266.701	211.751	-nan	217.184	266.735	124.881	187.333	277.042	221.739	281.458	195.194	181.309	-nan	198.329	-nan	202.39	311.995	195.21	206.876	306.942	0
267.773	212.751	-nan	214.85	267.806	127.185	188.642	277.992	223.104	282.49	197.41	183.799	-nan	199.809	-nan	202.224	312.977	197.42	203.122	307.923	0
261.085	213.751	-nan	39.8864	261.356	73.0351	187.324	278.879	198.125	283.374	121.891	108.429	1	200.523	-nan	44.4606	313.969	112.564	33.2615	308.913	0.589267
259.212	214.751	-nan	52.91	259.537	64.3219	183.842	279.703	190.723	284.146	104.348	95.0669	1	147.448	-nan	47.9479	314.96	93.5522	62.8775	309.902	0.0927673
260.628	215.751	-nan	66.781	260.842	66.5391	184.797	280.645	192.695	285.163	121.696	90.048	-nan	135.635	-nan	58.9547	315.941	111.882	168.9	310.884	0
261.988	216.751	-nan	88.1376	262.128	68.7684	185.936	281.589	194.621	286.182	125.496	93.6457	-nan	137.923	-nan	73.9513	316.924	119.071	165.729	311.867	0
263.024	217.751	1	126.203	263.122	70.3387	187.186	282.538	195.732	287.203	99.167	89.4138	1	139.009	-nan	96.7302	317.917	98.8108	181.69	312.858	0.0149386
262.218	218.751	-nan	105.019	262.394	66.237	185.447	283.406	191.802	288.068	95.6716	83.6838	1.00083	140.176	-nan	103.548	318.909	96.7515	92.0519	313.849	0.219328
263.54	219.751	-nan	121.758	263.667	68.5097	186.421	284.347	193.691	289.083	119.404	82.6017	-nan	134.761	-nan	113.416	319.894	118.784	187.261	314.834	0
264.884	220.751	-nan	136.006	264.975	70.679	187.547	285.291	195.657	290.101	124.461	98.0172	-nan	137.341	-nan	125.675	320.877	124.554	162.034	315.818	0
263.888	221.751	-nan	103.89	264.086	66.408	184.507	286.115	191.405	290.889	96.0438	87.5858	1	138.682	-nan	112.547	321.87	97.9708	92.3881	316.81	0.342733
265.359	222.751	-nan	103.716	265.514	68.0211	185.421	287.055	193.602	291.902	122.556	109.956	-nan	133.836	-nan	106.703	322.852	121.536	53.8092	317.793	0
266.726	223.751	-nan	110.607	266.84	70.1222	186.536	287.998	195.598	292.918	123.754	101.242	-nan	136.254	-nan	109.104	323.834	122.824	140.416	318.777	0
268.064	224.751	-nan	121.042	268.15	72.2263	187.663	288.943	197.558	293.935	127.448	105.544	-nan	138.528	-nan	116.549	324.818	126.908	152.805	319.755	0
269.33	225.751	-nan	138.775	269.396	74.5363	188.824	289.889	199.379	294.953	128.366	94.7289	-nan	140.373	-nan	129.394	325.804	128.42	197.651	320.742	0
270.62	226.751	-nan	154.348	270.67	76.6897	189.986	290.836	201.257	295.972	133.659	112.1	-nan	142.82	-nan	143.938	326.789	134.002	189.085	321.727	0
271.885	227.751	-nan	172.229	271.922	78.8924	191.168	291.783	203.087	296.992	136.293	113.202	-nan	144.932	-nan	159.99	327.774	136.98	206.542	322.713	0
273.146	228.751	-nan	188.589	273.174	81.0505	192.355	292.731	204.912	298.012	140.196	121.603	-nan	147.17	-nan	175.923	328.76	141.054	215.734	323.699	0
271.804	229.751	-nan	128.855	271.91	73.63	191.989	293.637	199.249	298.944	106.467	101.241	1	148.545	-nan	149.648	329.753	108.31	117.102	324.69	0
270.51	230.751	-nan	100.801	270.772	69.7941	185.877	294.296	194.696	299.465	93.1152	82.981	1	139.484	-nan	112.198	330.747	95.5551	91.9911	325.682	0.346875
264.318	231.751	-nan	38.3636	265.421	61.0525	161.889	293.502	181.279	297.978	79.9228	63.7724	1	133.727	-nan	44.8172	331.741	61.1589	28.041	326.67	0.332245
266.067	232.751	-nan	38.4692	266.824	63.3869	162.595	294.403	183.435	298.94	102.243	77.6319	-nan	122.393	-nan	42.2499	332.727	79.3979	155.427	327.655	0
267.689	233.751	-nan	41.9999	268.201	65.5931	163.739	295.326	185.504	299.931	106.743	82.2383	-nan	124.824	-nan	44.3428	333.712	87.652	154.843	328.641	0
269.206	-nan	-nan	49.0009	269.555	67.8059	164.891	296.25	187.527	300.924	110.668	86.2901	-nan	127.067	-nan	48.6516	334.698	96.4857	159.784	329.627	0
270.715	-nan	-nan	54.5078	270.959	69.7999	166.04	297.174	189.639	301.917	116.628	101.139	-nan	129.529	-nan	52.8787	335.683	107.765	97.7679	330.612	0
272.182	-nan	-nan	60.451	272.355	71.705	167.193	298.099	191.73	302.912	121.75	109.38	-nan	131.945	-nan	57.2496	336.668	115.747	86.4978	331.597	0
265.459	-nan	-nan	34.9286	266.416	59.0258	152.024	296.948	177.705	301.091	89.2342	84.3702	1	133.633	-nan	37.4826	337.661	74.355	33.107	332.587	0.0773539
262.715	-nan	-nan	33.0986	264.108	56.1181	143.766	296.285	172.84	300.004	76.7226	70.2248	1	118.906	-nan	34.3106	338.654	53.8162	32.4944	333.577	0.101008
264.698	-nan	-nan	34.4238	265.586	58.5899	144.597	297.149	175.144	300.939	93.1568	71.1082	-nan	115.643	-nan	35.7781	339.64	68.2124	125.303	334.561	0
266.536	-nan	-nan	35.9997	267.112	60.7911	145.732	298.033	177.513	301.896	97.8921	80.5648	-nan	118.285	-nan	37.3453	340.624	80.0317	72.164	335.544	0
268.255	-nan	-nan	38.0325	268.639	62.8929	146.874	298.919	179.878	302.855	102.694	87.4144	-nan	120.896	-nan	38.9851	341.608	90.2997	59.3533	336.527	0
269.768	-nan	-nan	44.633	270.029	65.3016	148.035	299.806	182	303.816	106.249	83.6839	-nan	123.27	-nan	43.0886	342.594	96.0289	141.909	337.51	0
271.245	-nan	-nan	52.959	271.428	67.6446	149.208	300.695	184.136	304.779	110.8	91.5315	-nan	125.629	-nan	48.8509	343.579	104.272	128.968	338.494	0
272.737	-nan	-nan	59.2055	272.867	69.6737	150.388	301.584	186.327	305.742	118.149	107.171	-nan	128.182	-nan	54.1258	344.563	114.178	71.7269	339.477	0
274.177	-nan	-nan	67.1822	274.269	71.6824	151.597	302.473	188.441	306.706	123.966	115.493	-nan	130.707	-nan	59.6362	345.547	121.195	82.702	340.459	0
275.54	-nan	-nan	85.5975	275.603	73.9969	152.854	303.365	190.45	307.673	124.895	110.496	-nan	132.947	-nan	69.3325	346.533	122.969	156.525	341.442	0
276.863	-nan	-nan	110.6	276.907	76.4123	154.158	304.258	192.408	308.642	127.114	110.164	-nan	135.046	-nan	84.58	347.518	125.969	188.125	342.426	0
278.257	-nan	-nan	115.179	278.288	77.6311	155.471	305.15	194.408	309.611	147.383	159.259	-nan	137.832	-nan	95.2861	348.501	146.706	25.9972	343.407	0
279.593	-nan	-nan	126.046	279.61	79.6242	156.825	306.044	196.366	310.583	141.893	145.252	-nan	140.17	-nan	103.255	349.485	141.543	144.582	344.389	0
280.872	-nan	-nan	160.356	280.883	82.0479	158.225	306.942	198.266	311.56	137.655	125.42	-nan	141.987	-nan	117.674	350.47	137.514	228.195	345.372	0
282.148	-nan	-nan	193.004	282.155	84.4175	159.656	307.841	200.16	312.539	141.309	133.211	-nan	144.122	-nan	137.086	351.456	141.293	243.978	346.355	0
283.397	-nan	-nan	226.017	283.401	86.8888	161.109	308.743	202.009	313.521	141.832	128.371	-nan	145.939	-nan	160.76	352.443	141.912	269.463	347.339	0
284.659	-nan	-nan	250.523	284.661	89.2316	162.574	309.645	203.876	314.505	146.914	142.824	-nan	148.215	-nan	185.549	353.429	147.017	281.674	348.322	0
