Precip	SWE	Intercep	Ponding	SoilWater	GW	ETtot	EvapS	EvapI	EvapT	Leakage	OvlndFlow	GWFlow	SatExtent	Run-off2Stream	GW2channel	MassBalError
0	0	0	0.382423	3.72765e+07	143696	11230.6	1633.86	0	9596.78	0	0.000148064	0.611112	0	0	0.382571	1.5985e-13
0	0	0	0.396765	3.72638e+07	142611	24005.3	4717.19	0	19288.1	0	0.000296771	1.22301	0	8.58846e-09	0.766126	3.99626e-14
2.04347e+06	0	0	0.573503	3.92677e+07	231282	63562.8	24624.4	16515.8	22422.5	0	0.000574242	1.96189	0	8.58846e-09	1.33991	1.32602e-13
2.92897e+06	0	0	0.678541	4.01054e+07	280883	111377	48873.4	33020.8	29482.4	0	0.000926706	2.75657	0	8.58846e-09	2.0188	-1.85261e-14
2.92897e+06	0	0	0.70168	4.00538e+07	278981	162937	77304	33020.8	52612.5	0	0.0012807	3.55228	0	8.58846e-09	2.70121	1.48209e-13
2.92897e+06	0	0	0.698665	4.00061e+07	277177	210590	103229	33020.8	74339.7	0	0.00163634	4.34907	0	8.58846e-09	3.38734	1.48209e-13
2.98563e+06	0	33.5642	0.69244	4.00205e+07	276675	252835	122361	49403.3	81070.8	0	0.00199538	5.14814	0	8.58846e-09	4.08014	9.25001e-14
3.55326e+06	0	0	0.746805	4.05493e+07	299992	291671	138955	65874.5	86841.7	0	0.00239942	5.97659	0	8.58846e-09	4.82735	1.64186e-13
3.55326e+06	0	0	0.770347	4.05095e+07	298395	331555	158560	65874.5	107120	0	0.00280567	6.80638	0	9.72809e-09	5.57951	1.64186e-13
3.55326e+06	0	0	0.764414	4.04629e+07	296606	378087	183445	65874.5	128767	0	0.00321383	7.63732	0	1.01634e-08	6.33616	1.82429e-14
4.17765e+06	0	0	0.825065	4.10319e+07	327110	433542	213979	82321.1	137242	0	0.00367704	8.50107	0	1.01634e-08	7.16169	1.43745e-13
4.17765e+06	0	0	0.845232	4.09833e+07	325240	482107	240172	82321.1	159614	0	0.00414241	9.36601	0	1.01634e-08	7.99247	2.51555e-13
4.17765e+06	0	0	0.844116	4.09364e+07	323392	529012	265338	82321.1	181353	0	0.00460996	10.2321	0	5.03359e-08	8.82853	5.39045e-14
4.17765e+06	0	0	0.856517	4.08914e+07	321580	573985	289258	82321.1	202406	0	0.0050797	11.0995	0	4.459e-07	9.66995	1.07809e-13
4.17765e+06	0	0	0.854289	4.08492e+07	319826	616204	311308	82321.1	222575	0	0.0055517	11.968	0	1.99937e-06	10.5169	1.61714e-13
4.17765e+06	0	0	0.871794	4.08062e+07	318030	659171	334108	82321.1	242742	0	0.00602587	12.8378	0	4.06286e-06	11.3691	1.61714e-13
4.17765e+06	0	0	0.864897	4.07673e+07	316342	698114	354115	82321.1	261678	0	0.00650236	13.7088	0	6.19212e-06	12.227	1.61714e-13
4.17765e+06	0	0	0.881099	4.07327e+07	314794	732689	371189	82321.1	279179	0	0.00698138	14.5811	0	8.19999e-06	13.0909	1.79682e-13
4.85881e+06	0	0	0.896559	4.13651e+07	327145	781422	396341	98706.4	286375	0	0.00749555	15.4729	0	8.19999e-06	13.988	1.23745e-13
5.53996e+06	0	0	0.998483	4.19962e+07	372302	831488	421412	115082	294994	0	0.00809309	16.4066	0	8.19999e-06	14.9871	1.39173e-13
7.58343e+06	0	0	1.37567	4.39901e+07	574263	881073	445662	131449	303961	0	0.0090037	17.4687	0	8.19999e-06	16.3637	3.32087e-14
7.58343e+06	0	0	1.40015	4.39425e+07	571409	928622	468544	131449	328630	0	0.0099186	18.5322	0	8.19999e-06	17.7516	-1.66044e-14
7.58343e+06	0	0	1.40847	4.38952e+07	568530	975948	491352	131449	353147	0	0.0108377	19.5972	0	8.19999e-06	19.1509	4.98131e-14
7.58343e+06	0	0	1.42702	4.38485e+07	565645	1.02269e+06	513837	131449	377403	0	0.011761	20.6637	0	8.28762e-06	20.5614	1.32835e-13
7.58343e+06	0	0	1.42813	4.38021e+07	562742	1.06906e+06	536133	131449	401475	0	0.0126883	21.7314	0	9.61368e-06	21.9832	4.98131e-14
7.58343e+06	0	0	1.45156	4.37618e+07	560141	1.10936e+06	554551	131449	423362	0	0.0136201	22.8008	0	1.40354e-05	23.4171	1.49439e-13
9.85395e+06	0	0	1.89396	4.59816e+07	871526	1.16013e+06	579392	147774	432960	0	0.0149638	23.9976	0	1.40354e-05	25.3124	9.48279e-14
1.12163e+07	0	0	2.2757	4.72882e+07	1.19047e+06	1.21579e+06	606569	164091	445135	0	0.0166447	25.28	0	1.40354e-05	27.5898	3.07215e-14
1.12163e+07	0	0	2.31064	4.72354e+07	1.18393e+06	1.26855e+06	630589	164091	473871	0	0.0183333	26.5641	0	1.40354e-05	29.8888	1.53607e-14
1.12163e+07	0	0	2.32849	4.71793e+07	1.17709e+06	1.32473e+06	656824	164091	503820	0	0.0200288	27.8497	0	1.40354e-05	32.209	4.60822e-14
1.12163e+07	0	0	2.35585	4.71299e+07	1.17076e+06	1.37409e+06	678598	164091	531399	0	0.0217321	29.137	0	1.40354e-05	34.5514	0
1.12163e+07	0	0	2.36965	4.70833e+07	1.16466e+06	1.42074e+06	698800	164091	557848	0	0.0234434	30.4261	0	1.40354e-05	36.9164	1.53607e-13
1.12163e+07	0	0	2.40161	4.70331e+07	1.15821e+06	1.47092e+06	721153	164091	585678	0	0.0251621	31.7168	0	1.41382e-05	39.3034	3.07215e-14
1.12163e+07	0	0	2.41551	4.69828e+07	1.15168e+06	1.52124e+06	743479	164091	613666	0	0.0268878	33.0091	0	1.43404e-05	41.7123	6.1443e-14
1.15001e+07	0	0	2.43438	4.72086e+07	1.15382e+06	1.57918e+06	772492	180363	626328	0	0.0286249	34.3039	0	1.43404e-05	44.1484	6.10856e-14
1.49059e+07	0	0	3.57332	5.05534e+07	2.60271e+06	1.64015e+06	803277	196628	640244	0	0.031441	35.8079	0	1.43404e-05	47.7245	1.28474e-13
1.5587e+07	0	0	3.8641	5.11745e+07	2.97196e+06	1.70025e+06	831513	212884	655857	0	0.03452	37.3541	0	1.43404e-05	51.5917	1.4091e-14
1.62682e+07	2556.43	0	4.17204	5.17903e+07	3.3642e+06	1.76306e+06	861700	229134	672226	0	0.0378793	38.9426	0	1.43404e-05	55.7671	1.11294e-13
1.89928e+07	22279.4	0	5.4921	5.44315e+07	5.2804e+06	1.82676e+06	892302	245376	689081	0	0.0425479	40.7028	0	1.43404e-05	61.2639	1.32383e-14
1.92766e+07	23033.6	0	5.67305	5.46514e+07	5.44434e+06	1.88988e+06	921356	261611	706909	0	0.047368	42.4805	0	1.43404e-05	66.9417	7.90312e-14
1.92766e+07	21353.2	0	5.74289	5.45837e+07	5.42225e+06	1.95927e+06	951969	261611	745692	0	0.052208	44.2604	0	1.43404e-05	72.6827	7.90312e-14
1.92766e+07	20012.2	0	5.80439	5.45203e+07	5.40096e+06	2.024e+06	979384	261611	783008	0	0.0570687	46.0424	0	1.43404e-05	78.488	3.95156e-14
1.92766e+07	18671.8	0	5.87067	5.44559e+07	5.37948e+06	2.0897e+06	1.00726e+06	261611	820834	0	0.0619494	47.8265	0	1.43404e-05	84.3576	5.26874e-14
1.92766e+07	17320.1	0	5.93265	5.43919e+07	5.358e+06	2.15507e+06	1.03445e+06	261611	859005	0	0.0668491	49.6126	0	1.43404e-05	90.2913	1.31719e-13
1.97875e+07	23405.9	0	6.08162	5.48281e+07	5.54187e+06	2.2237e+06	1.06835e+06	277819	877525	0	0.071886	51.4142	0	1.43404e-05	96.3779	1.17486e-13
2.09227e+07	61626.9	0	6.74339	5.58561e+07	6.37453e+06	2.29268e+06	1.10164e+06	294021	897023	0	0.0775816	53.2865	0	1.43404e-05	103.127	7.67963e-14
2.27959e+07	144011	0	7.92323	5.75802e+07	7.85532e+06	2.35938e+06	1.13235e+06	310215	916821	0	0.0844976	55.2764	0	1.43404e-05	111.057	3.7201e-14
2.51799e+07	252876	0	139.653	5.97886e+07	9.8115e+06	2.42597e+06	1.16234e+06	326402	937228	0	0.0932162	57.4166	5.88685e-05	100.757	120.651	5.96355e-14
2.71666e+07	342831	0	132.853	6.16122e+07	1.13832e+07	2.49918e+06	1.19802e+06	342582	958580	0	0.10366	59.6823	0.00264908	194.412	131.804	3.46784e-14
2.91533e+07	641524	0	214.698	6.32269e+07	1.26867e+07	2.57229e+06	1.23303e+06	358756	980508	0	0.116043	62.0736	0.0131277	345.123	144.652	2.24276e-14
3.25591e+07	1.17778e+06	0	2144.41	6.60011e+07	1.46765e+07	2.66574e+06	1.28787e+06	374922	1.00295e+06	0	1.13976	64.6802	0.104845	1843.73	160.644	4.26681e-14
3.26726e+07	1.15624e+06	0	106.222	6.60468e+07	1.48554e+07	2.75712e+06	1.33993e+06	391080	1.02611e+06	0	1.15618	67.2958	0.0133632	1895.03	177.042	4.25989e-14
3.26726e+07	1.11774e+06	0	56.295	6.59891e+07	1.48847e+07	2.8534e+06	1.3915e+06	391080	1.07083e+06	0	1.17267	69.9146	0.00700536	1917.13	193.618	3.19492e-14
3.26726e+07	1.08236e+06	0	54.7981	6.59312e+07	1.49132e+07	2.94668e+06	1.44057e+06	391080	1.11503e+06	0	1.18924	72.5365	0.00671101	1938.12	210.372	2.12994e-14
3.32402e+07	1.15277e+06	0	303.181	6.63431e+07	1.51244e+07	3.03175e+06	1.48663e+06	407221	1.13791e+06	0	1.20633	75.185	0.0243716	2120.57	227.612	2.1128e-14
3.32969e+07	1.13922e+06	29.7415	118.911	6.63334e+07	1.51571e+07	3.11182e+06	1.52751e+06	423266	1.16104e+06	0	1.22353	77.8381	0.0147171	2175.36	245.071	8.44442e-14
3.32969e+07	1.118e+06	23.4117	48.7899	6.62576e+07	1.51748e+07	3.20884e+06	1.58168e+06	423273	1.20389e+06	0	1.2408	80.4944	0.00518043	2192.24	262.712	2.11111e-14
3.32969e+07	1.09846e+06	19.2266	46.0616	6.61841e+07	1.51918e+07	3.30195e+06	1.63261e+06	423277	1.24607e+06	0	1.25814	83.1536	0.00453288	2207.27	280.531	6.33332e-14
3.48862e+07	1.62311e+06	0	1668.14	6.71605e+07	1.57213e+07	3.38862e+06	1.68127e+06	439386	1.26796e+06	0	2.56072	85.9026	0.0586331	3201.53	299.779	6.19385e-14
3.59079e+07	1.94643e+06	0	2861.17	6.77711e+07	1.61244e+07	3.47521e+06	1.72956e+06	455485	1.29016e+06	0	48.7264	88.7178	0.0995467	4889.98	320.287	2.0358e-14
3.64756e+07	2.10541e+06	0	2349.76	6.80971e+07	1.63841e+07	3.55834e+06	1.77435e+06	471574	1.31241e+06	0	86.1846	91.5856	0.116677	6196	341.733	2.02013e-14
4.07329e+07	4.53803e+06	0	60978	6.97807e+07	1.73187e+07	3.62862e+06	1.80618e+06	487653	1.33479e+06	0	12244.7	94.5909	0.261317	50085.8	367.894	1.9099e-14
4.19249e+07	5.13546e+06	0	38781.9	7.02968e+07	1.77553e+07	3.72329e+06	1.86349e+06	503721	1.35608e+06	0	18204.5	97.5962	0.262259	74915.8	400.114	0
4.34007e+07	5.91554e+06	0	71781.5	7.08526e+07	1.81061e+07	3.81357e+06	1.91647e+06	519775	1.37732e+06	0	34890.7	100.602	0.303055	121646	435.843	3.6935e-14
4.46495e+07	6.56991e+06	0	97885.5	7.12941e+07	1.84116e+07	3.9096e+06	1.97559e+06	535817	1.39819e+06	0	65644.4	103.607	0.32984	183147	475.421	0
4.70335e+07	7.91629e+06	0	278732	7.19204e+07	1.8785e+07	4.00806e+06	2.03749e+06	551844	1.41872e+06	0	197669	106.612	0.383352	400194	518.543	1.76719e-14
4.74706e+07	8.09848e+06	0	165111	7.20749e+07	1.89614e+07	4.12899e+06	2.12276e+06	567858	1.43836e+06	0	290737	109.618	0.353388	508135	566.975	1.75808e-14
4.83788e+07	8.58189e+06	0	198573	7.2251e+07	1.90467e+07	4.25512e+06	2.21469e+06	583857	1.45657e+06	0	379849	112.623	0.383175	614200	616.144	3.47887e-14
4.83788e+07	8.51218e+06	0	134996	7.22431e+07	1.91215e+07	4.3382e+06	2.26548e+06	583857	1.48886e+06	0	437972	115.628	0.181963	674654	665.863	6.95775e-14
4.83788e+07	8.45757e+06	0	99007.6	7.22106e+07	1.91537e+07	4.42352e+06	2.31946e+06	583857	1.5202e+06	0	475780	118.634	0.154118	712869	715.617	3.47887e-14
4.83788e+07	8.40518e+06	0	79134.8	7.21934e+07	1.91803e+07	4.48646e+06	2.35192e+06	583857	1.55069e+06	0	502282	121.639	0.166598	739658	765.384	1.73944e-14
4.85492e+07	8.4768e+06	0	71548.6	7.21939e+07	1.92087e+07	4.57138e+06	2.40401e+06	599791	1.56758e+06	0	523193	124.644	0.168011	761492	815.167	5.20795e-14
4.99115e+07	9.42544e+06	0	159511	7.23916e+07	1.92431e+07	4.65523e+06	2.45594e+06	615706	1.58359e+06	0	567292	127.65	0.319244	838888	864.982	5.12659e-14
5.11603e+07	1.03014e+07	0	247251	7.24985e+07	1.92961e+07	4.73633e+06	2.50579e+06	631602	1.59893e+06	0	664457	130.655	0.358039	961226	914.844	3.36947e-14
5.11603e+07	1.02441e+07	0	181483	7.24682e+07	1.93237e+07	4.81404e+06	2.55923e+06	631602	1.62321e+06	0	740078	133.66	0.218285	1.0368e+06	964.706	1.68474e-14
5.11603e+07	1.01902e+07	0	138840	7.24398e+07	1.93387e+07	4.88506e+06	2.60697e+06	631602	1.64649e+06	0	794031	136.665	0.225172	1.0907e+06	1014.57	0
5.11603e+07	1.01482e+07	0	105894	7.23701e+07	1.9351e+07	4.99215e+06	2.69188e+06	631602	1.66867e+06	0	831581	139.671	0.191382	1.1282e+06	1064.43	5.05421e-14
5.11603e+07	1.01025e+07	0	88128.6	7.234e+07	1.93544e+07	5.05853e+06	2.73669e+06	631602	1.69024e+06	0	858698	142.676	0.212162	1.1559e+06	1114.29	1.68474e-14
5.11603e+07	1.00706e+07	0	74463.6	7.22833e+07	1.93594e+07	5.14028e+06	2.79807e+06	631602	1.71061e+06	0	879196	145.681	0.199623	1.17639e+06	1164.15	0
5.18982e+07	1.06314e+07	0	85522.9	7.23242e+07	1.9359e+07	5.24529e+06	2.87712e+06	647367	1.7208e+06	0	899360	148.687	0.209278	1.20013e+06	1214.02	3.34159e-14
5.24658e+07	1.10652e+07	0	88171	7.23292e+07	1.93561e+07	5.35159e+06	2.95824e+06	663109	1.73023e+06	0	919251	151.692	0.209925	1.22153e+06	1263.88	4.98069e-14
5.24658e+07	1.10383e+07	0	78486	7.22821e+07	1.93529e+07	5.41841e+06	3.00928e+06	663109	1.74602e+06	0	936137	154.697	0.209631	1.2387e+06	1313.74	3.32046e-14
5.24658e+07	1.10184e+07	0	74004.2	7.22341e+07	1.93449e+07	5.4758e+06	3.0514e+06	663109	1.7613e+06	0	951116	157.703	0.213281	1.25391e+06	1363.6	3.32046e-14
5.24658e+07	1.10013e+07	0	73030.1	7.21895e+07	1.93349e+07	5.52449e+06	3.0853e+06	663109	1.77608e+06	0	965041	160.708	0.219815	1.269e+06	1413.47	0
5.24658e+07	1.09901e+07	0	70348.6	7.21368e+07	1.93235e+07	5.57807e+06	3.12491e+06	663109	1.79006e+06	0	978069	163.713	0.207394	1.28241e+06	1463.33	3.32046e-14
5.3147e+07	1.1553e+07	0	88061	7.21726e+07	1.93111e+07	5.62609e+06	3.14957e+06	678721	1.7978e+06	0	994861	166.719	0.221522	1.3077e+06	1513.19	3.29545e-14
5.65528e+07	1.46903e+07	0	146490	7.22805e+07	1.93128e+07	5.67595e+06	3.17713e+06	694306	1.80452e+06	0	1.04711e+06	169.724	0.242126	1.37388e+06	1563.05	3.17585e-14
6.08101e+07	1.86299e+07	0	223809	7.23266e+07	1.93179e+07	5.71208e+06	3.19043e+06	709863	1.81179e+06	0	1.20529e+06	172.729	0.274798	1.54016e+06	1612.91	3.03802e-14
6.09804e+07	1.87388e+07	0	165333	7.23192e+07	1.93119e+07	5.74597e+06	3.20234e+06	725393	1.81823e+06	0	1.29866e+06	175.735	0.248072	1.6335e+06	1662.78	3.03275e-14
6.14346e+07	1.91226e+07	0	139930	7.23052e+07	1.93026e+07	5.79583e+06	3.23174e+06	740893	1.8232e+06	0	1.35868e+06	178.74	0.24248	1.69348e+06	1712.64	6.0376e-14
6.18887e+07	1.95128e+07	0	126718	7.22816e+07	1.92922e+07	5.85353e+06	3.26928e+06	756365	1.82789e+06	0	1.40168e+06	181.745	0.239477	1.73651e+06	1762.5	3.00498e-14
6.18887e+07	1.94806e+07	0	120395	7.22571e+07	1.92809e+07	5.88254e+06	3.29005e+06	756365	1.83613e+06	0	1.43562e+06	184.751	0.250486	1.77095e+06	1812.36	1.50249e-14
6.1991e+07	1.95379e+07	0	120842	7.22354e+07	1.92682e+07	5.91685e+06	3.30441e+06	771777	1.84067e+06	0	1.46765e+06	187.756	0.263437	1.80387e+06	1862.23	0
6.1991e+07	1.951e+07	0	123064	7.22127e+07	1.92539e+07	5.93287e+06	3.31268e+06	771777	1.84841e+06	0	1.49992e+06	190.761	0.276564	1.83741e+06	1912.09	3.00188e-14
6.23318e+07	1.98083e+07	0	122659	7.21887e+07	1.92396e+07	5.96606e+06	3.32672e+06	787130	1.85221e+06	0	1.53359e+06	193.767	0.278625	1.87138e+06	1961.95	0
6.23318e+07	1.97893e+07	0	120140	7.2159e+07	1.92233e+07	5.98482e+06	3.33905e+06	787130	1.85864e+06	0	1.56606e+06	196.772	0.282157	1.90397e+06	2011.81	0
6.3081e+07	2.04905e+07	0	121413	7.21433e+07	1.92057e+07	6.01195e+06	3.34768e+06	802422	1.86185e+06	0	1.60143e+06	199.777	0.289869	1.93986e+06	2061.67	2.96928e-14
6.45115e+07	2.1866e+07	0	127620	7.21326e+07	1.91876e+07	6.0314e+06	3.34901e+06	817683	1.86471e+06	0	1.64141e+06	202.783	0.300936	1.98103e+06	2111.54	7.3189e-14
6.45115e+07	2.18368e+07	0	128820	7.21113e+07	1.91702e+07	6.03899e+06	3.35202e+06	817683	1.86929e+06	0	1.68313e+06	205.788	0.306529	2.02289e+06	2161.4	5.85512e-14
6.45115e+07	2.18143e+07	0	126671	7.20847e+07	1.91502e+07	6.0493e+06	3.35808e+06	817683	1.87354e+06	0	1.72402e+06	208.793	0.308236	2.06374e+06	2211.26	5.85512e-14
6.45115e+07	2.17956e+07	0	123942	7.2056e+07	1.9129e+07	6.06038e+06	3.36513e+06	817683	1.87756e+06	0	1.76312e+06	211.799	0.308766	2.1028e+06	2261.12	7.3189e-14
6.45115e+07	2.17819e+07	0	119547	7.20248e+07	1.9107e+07	6.07355e+06	3.37453e+06	817683	1.88133e+06	0	1.79926e+06	214.804	0.303703	2.1389e+06	2310.99	5.85512e-14
6.45115e+07	2.17681e+07	0	118771	7.19955e+07	1.90847e+07	6.08286e+06	3.38012e+06	817683	1.88506e+06	0	1.83376e+06	217.809	0.307882	2.17341e+06	2360.85	7.3189e-14
6.52494e+07	2.24688e+07	0	123343	7.19718e+07	1.90629e+07	6.10205e+06	3.38217e+06	832755	1.88713e+06	0	1.87088e+06	220.815	0.317478	2.21149e+06	2410.71	5.81298e-14
6.56467e+07	2.28353e+07	0	123367	7.19441e+07	1.90403e+07	6.1218e+06	3.38529e+06	847796	1.88871e+06	0	1.90969e+06	223.82	0.317184	2.25053e+06	2460.57	0
6.56467e+07	2.28237e+07	0	120246	7.19133e+07	1.90169e+07	6.12993e+06	3.39077e+06	847796	1.89137e+06	0	1.94707e+06	226.825	0.315477	2.28786e+06	2510.43	0
6.56467e+07	2.28171e+07	0	115399	7.18799e+07	1.89928e+07	6.14027e+06	3.39883e+06	847796	1.89364e+06	0	1.98156e+06	229.831	0.301348	2.32231e+06	2560.3	1.44764e-14
6.56467e+07	2.28137e+07	0	110568	7.18445e+07	1.89684e+07	6.15255e+06	3.40927e+06	847796	1.89548e+06	0	2.01296e+06	232.836	0.292636	2.35369e+06	2610.16	0
6.56467e+07	2.28099e+07	0	108489	7.1811e+07	1.89437e+07	6.16258e+06	3.41788e+06	847796	1.89691e+06	0	2.04226e+06	235.841	0.294225	2.38302e+06	2660.02	0
6.58171e+07	2.2958e+07	0	110939	7.17819e+07	1.89191e+07	6.18188e+06	3.42151e+06	862675	1.89769e+06	0	2.07195e+06	238.847	0.305469	2.41325e+06	2709.88	4.33573e-14
6.58171e+07	2.29563e+07	0	109176	7.17483e+07	1.88941e+07	6.18972e+06	3.428e+06	862675	1.89905e+06	0	2.10114e+06	241.852	0.296933	2.44241e+06	2759.74	2.89049e-14
6.62712e+07	2.33853e+07	0	113285	7.17208e+07	1.88688e+07	6.20681e+06	3.42959e+06	877490	1.89973e+06	0	2.13254e+06	244.857	0.307824	2.4747e+06	2809.61	5.75562e-14
6.74065e+07	2.44936e+07	0	116156	7.16939e+07	1.88434e+07	6.22279e+06	3.43018e+06	892272	1.90034e+06	0	2.16754e+06	247.863	0.313357	2.51011e+06	2859.47	0
6.74065e+07	2.44829e+07	0	117204	7.16646e+07	1.88186e+07	6.22501e+06	3.4313e+06	892272	1.90143e+06	0	2.20426e+06	250.868	0.315712	2.54685e+06	2909.33	2.84661e-14
6.74065e+07	2.44732e+07	0	117542	7.16343e+07	1.87938e+07	6.22753e+06	3.4328e+06	892272	1.90246e+06	0	2.24133e+06	253.873	0.317301	2.58388e+06	2959.19	0
6.74065e+07	2.44659e+07	0	116630	7.16029e+07	1.87685e+07	6.23107e+06	3.4354e+06	892272	1.9034e+06	0	2.27742e+06	256.879	0.317655	2.61995e+06	3009.06	1.4233e-14
6.74065e+07	2.44588e+07	0	116314	7.15717e+07	1.87432e+07	6.23468e+06	3.4381e+06	892272	1.90431e+06	0	2.31253e+06	259.884	0.31736	2.65502e+06	3058.92	0
6.91094e+07	2.61379e+07	0	116576	7.1543e+07	1.87177e+07	6.2498e+06	3.43818e+06	906891	1.90473e+06	0	2.34957e+06	262.889	0.32101	2.6921e+06	3108.78	5.60209e-14
6.99608e+07	2.69661e+07	0	116331	7.15139e+07	1.86918e+07	6.2648e+06	3.43821e+06	921479	1.90511e+06	0	2.38722e+06	265.895	0.321893	2.7297e+06	3158.64	2.77881e-14
7.08123e+07	2.77954e+07	0	115770	7.14843e+07	1.86658e+07	6.27968e+06	3.43821e+06	936034	1.90544e+06	0	2.42459e+06	268.9	0.323424	2.76704e+06	3208.5	0
7.14934e+07	2.84516e+07	0	116941	7.14553e+07	1.86399e+07	6.29453e+06	3.43821e+06	950556	1.90576e+06	0	2.46255e+06	271.905	0.32413	2.80495e+06	3258.37	4.10949e-14
7.19476e+07	2.88824e+07	0	117006	7.14257e+07	1.86145e+07	6.30928e+06	3.43822e+06	965046	1.90601e+06	0	2.50067e+06	274.911	0.326308	2.84303e+06	3308.23	1.36413e-14
7.19476e+07	2.88739e+07	0	116980	7.13956e+07	1.8589e+07	6.3097e+06	3.43828e+06	965046	1.90638e+06	0	2.53884e+06	277.916	0.326485	2.88115e+06	3358.09	0
7.19476e+07	2.88667e+07	0	116413	7.13652e+07	1.85635e+07	6.3101e+06	3.43842e+06	965046	1.90663e+06	0	2.57666e+06	280.921	0.327074	2.91894e+06	3407.95	-1.36413e-14
7.19476e+07	2.88606e+07	0	115689	7.13343e+07	1.85376e+07	6.31051e+06	3.43871e+06	965046	1.90675e+06	0	2.6139e+06	283.927	0.326838	2.95613e+06	3457.82	-2.72827e-14
7.19476e+07	2.88554e+07	0	114994	7.13032e+07	1.85111e+07	6.31098e+06	3.43919e+06	965046	1.90675e+06	0	2.6505e+06	286.932	0.327074	2.99269e+06	3507.68	1.36413e-14
7.19476e+07	2.88509e+07	0	114275	7.12718e+07	1.84848e+07	6.31178e+06	3.43999e+06	965046	1.90675e+06	0	2.68628e+06	289.937	0.326662	3.02844e+06	3557.54	0
7.2799e+07	2.96838e+07	0	113870	7.12409e+07	1.84586e+07	6.3261e+06	3.44e+06	979343	1.90675e+06	0	2.72186e+06	292.943	0.327486	3.06398e+06	3607.4	4.06075e-14
7.32531e+07	3.01193e+07	0	113785	7.12098e+07	1.84324e+07	6.34037e+06	3.44001e+06	993608	1.90675e+06	0	2.75734e+06	295.948	0.327486	3.09941e+06	3657.26	1.34802e-14
7.32531e+07	3.01152e+07	0	113654	7.11786e+07	1.84057e+07	6.34054e+06	3.44018e+06	993608	1.90675e+06	0	2.79265e+06	298.953	0.328074	3.13468e+06	3707.13	0
7.35939e+07	3.04378e+07	0	113550	7.11474e+07	1.83784e+07	6.35489e+06	3.44033e+06	1.00781e+06	1.90675e+06	0	2.82772e+06	301.959	0.327957	3.1697e+06	3756.99	-5.37552e-14
7.35939e+07	3.04316e+07	0	114580	7.11166e+07	1.83517e+07	6.3555e+06	3.44094e+06	1.00781e+06	1.90675e+06	0	2.86313e+06	304.964	0.329075	3.20508e+06	3806.85	-5.37552e-14
7.35939e+07	3.04265e+07	0	114776	7.10852e+07	1.83251e+07	6.35642e+06	3.44186e+06	1.00781e+06	1.90675e+06	0	2.89845e+06	307.969	0.328369	3.24038e+06	3856.71	-2.68776e-14
7.35939e+07	3.04213e+07	0	114987	7.10539e+07	1.82983e+07	6.3575e+06	3.44294e+06	1.00781e+06	1.90675e+06	0	2.93365e+06	310.974	0.328192	3.27556e+06	3906.58	0
7.39346e+07	3.07437e+07	0	114809	7.10226e+07	1.82717e+07	6.37183e+06	3.4432e+06	1.02188e+06	1.90675e+06	0	2.9691e+06	313.98	0.328428	3.31097e+06	3956.44	0
7.39346e+07	3.07407e+07	0	113967	7.09906e+07	1.82448e+07	6.37354e+06	3.44491e+06	1.02188e+06	1.90675e+06	0	3.00327e+06	316.985	0.327074	3.34512e+06	4006.3	0
7.39346e+07	3.07351e+07	0	115044	7.09594e+07	1.82173e+07	6.37484e+06	3.4462e+06	1.02188e+06	1.90675e+06	0	3.03761e+06	319.99	0.328545	3.37946e+06	4056.16	1.33976e-14
7.39346e+07	3.07284e+07	0	116499	7.09284e+07	1.81899e+07	6.37607e+06	3.44743e+06	1.02188e+06	1.90675e+06	0	3.07271e+06	322.996	0.329487	3.41456e+06	4106.02	0
7.42754e+07	3.10499e+07	0	116496	7.08973e+07	1.81626e+07	6.39028e+06	3.4477e+06	1.03583e+06	1.90675e+06	0	3.10882e+06	326.001	0.329605	3.45064e+06	4155.89	8.01402e-14
7.47862e+07	3.15388e+07	0	117618	7.0867e+07	1.81352e+07	6.4042e+06	3.4477e+06	1.04975e+06	1.90675e+06	0	3.1461e+06	329.006	0.330311	3.48788e+06	4205.75	0
7.47862e+07	3.15322e+07	0	117791	7.08356e+07	1.81079e+07	6.40545e+06	3.44895e+06	1.04975e+06	1.90675e+06	0	3.18266e+06	332.012	0.329311	3.52442e+06	4255.61	1.32958e-14
7.47862e+07	3.15262e+07	0	118112	7.08037e+07	1.80805e+07	6.40725e+06	3.45075e+06	1.04975e+06	1.90675e+06	0	3.21837e+06	335.017	0.328722	3.56013e+06	4305.47	1.32958e-14
7.72838e+07	3.39996e+07	0	120403	7.07736e+07	1.80528e+07	6.42108e+06	3.45075e+06	1.06357e+06	1.90675e+06	0	3.25654e+06	338.022	0.330017	3.59835e+06	4355.33	1.3006e-14
7.85326e+07	3.52236e+07	0	121718	7.07434e+07	1.80256e+07	6.43487e+06	3.45075e+06	1.07737e+06	1.90675e+06	0	3.29635e+06	341.028	0.330841	3.63814e+06	4405.2	0
7.85326e+07	3.52156e+07	0	120942	7.07126e+07	1.79982e+07	6.43487e+06	3.45075e+06	1.07737e+06	1.90675e+06	0	3.33594e+06	344.033	0.330488	3.67769e+06	4455.06	1.28658e-14
8.01219e+07	3.67837e+07	0	120267	7.06817e+07	1.79705e+07	6.4486e+06	3.45075e+06	1.0911e+06	1.90675e+06	0	3.37504e+06	347.038	0.330959	3.71674e+06	4504.92	-1.26916e-14
8.38683e+07	4.05089e+07	0	119887	7.06508e+07	1.79424e+07	6.4623e+06	3.45075e+06	1.1048e+06	1.90675e+06	0	3.41374e+06	350.044	0.330606	3.7554e+06	4554.78	-1.22991e-14
8.52306e+07	4.18482e+07	0	120808	7.06202e+07	1.79144e+07	6.47597e+06	3.45075e+06	1.11847e+06	1.90675e+06	0	3.45291e+06	353.049	0.331194	3.79453e+06	4604.65	2.43248e-14
8.76146e+07	4.4208e+07	0	121810	7.05898e+07	1.78867e+07	6.48961e+06	3.45075e+06	1.13211e+06	1.90675e+06	0	3.4928e+06	356.054	0.331607	3.83437e+06	4654.51	3.57907e-14
8.76146e+07	4.41957e+07	0	123091	7.05597e+07	1.78589e+07	6.48984e+06	3.45075e+06	1.13211e+06	1.90698e+06	0	3.53367e+06	359.06	0.332725	3.87521e+06	4704.37	4.7721e-14
8.76146e+07	4.41826e+07	0	124024	7.05298e+07	1.78314e+07	6.49022e+06	3.45075e+06	1.13211e+06	1.90736e+06	0	3.57541e+06	362.065	0.332902	3.9169e+06	4754.23	5.96512e-14
8.76713e+07	4.42111e+07	9.5089	125072	7.05002e+07	1.78043e+07	6.50403e+06	3.45075e+06	1.14563e+06	1.90765e+06	0	3.61823e+06	365.07	0.333549	3.95968e+06	4804.09	4.76994e-14
8.76713e+07	4.42005e+07	7.6278	123750	7.04696e+07	1.77773e+07	6.50461e+06	3.45075e+06	1.14563e+06	1.90823e+06	0	3.66018e+06	368.076	0.332843	4.00158e+06	4853.96	5.96242e-14
8.97147e+07	4.62169e+07	0	124527	7.04396e+07	1.77497e+07	6.51849e+06	3.45075e+06	1.15912e+06	1.90862e+06	0	3.70257e+06	371.081	0.33296	4.04394e+06	4903.82	-1.1733e-14
9.1077e+07	4.755e+07	0	125909	7.04101e+07	1.77223e+07	6.53242e+06	3.45075e+06	1.17257e+06	1.90909e+06	0	3.746e+06	374.086	0.332843	4.08732e+06	4953.68	2.32169e-14
9.31205e+07	4.95631e+07	0	127252	7.03807e+07	1.76952e+07	6.54639e+06	3.45075e+06	1.186e+06	1.90963e+06	0	3.79048e+06	377.092	0.333726	4.13177e+06	5003.54	1.14265e-14
9.40287e+07	5.0443e+07	0	126893	7.03508e+07	1.76683e+07	6.56035e+06	3.45075e+06	1.1994e+06	1.91019e+06	0	3.83507e+06	380.097	0.333431	4.17631e+06	5053.41	-2.2695e-14
9.40287e+07	5.04242e+07	0	128190	7.03218e+07	1.76412e+07	6.56154e+06	3.45075e+06	1.1994e+06	1.91139e+06	0	3.88031e+06	383.102	0.334314	4.2215e+06	5103.27	-1.13475e-14
9.40287e+07	5.04082e+07	0	127657	7.02921e+07	1.76146e+07	6.5628e+06	3.45075e+06	1.1994e+06	1.91264e+06	0	3.9254e+06	386.108	0.333314	4.26655e+06	5153.13	-1.13475e-14
9.40287e+07	5.03907e+07	0	127872	7.02627e+07	1.75877e+07	6.56417e+06	3.45075e+06	1.1994e+06	1.91401e+06	0	3.97073e+06	389.113	0.333726	4.31184e+06	5202.99	1.13475e-14
9.5391e+07	5.17163e+07	0	130908	7.02348e+07	1.75609e+07	6.57828e+06	3.45075e+06	1.21268e+06	1.91485e+06	0	4.01808e+06	392.118	0.333549	4.35917e+06	5252.85	3.3693e-14
9.5391e+07	5.16918e+07	0	132850	7.02072e+07	1.75351e+07	6.57991e+06	3.45075e+06	1.21268e+06	1.91648e+06	0	4.06657e+06	395.124	0.334668	4.40762e+06	5302.72	6.7386e-14
9.5391e+07	5.16661e+07	0	134531	7.01799e+07	1.75094e+07	6.58166e+06	3.45075e+06	1.21268e+06	1.91823e+06	0	4.1162e+06	398.129	0.334903	4.4572e+06	5352.58	4.4924e-14
9.56749e+07	5.19069e+07	0	137493	7.01537e+07	1.7484e+07	6.59587e+06	3.45075e+06	1.22587e+06	1.91924e+06	0	4.16821e+06	401.134	0.336316	4.50919e+06	5402.44	1.1207e-14
9.6356e+07	5.2543e+07	0	140029	7.0128e+07	1.74594e+07	6.61011e+06	3.45075e+06	1.23904e+06	1.92032e+06	0	4.22226e+06	404.14	0.336316	4.56319e+06	5452.3	3.34497e-14
9.6356e+07	5.25084e+07	0	142305	7.01028e+07	1.74351e+07	6.61231e+06	3.45075e+06	1.23904e+06	1.92252e+06	0	4.27751e+06	407.145	0.33767	4.61839e+06	5502.17	4.45996e-14
9.6356e+07	5.24757e+07	0	141893	7.00766e+07	1.74111e+07	6.61528e+06	3.45075e+06	1.23904e+06	1.92549e+06	0	4.3339e+06	410.15	0.337788	4.67473e+06	5552.03	7.80494e-14
9.6356e+07	5.24427e+07	0	140892	7.005e+07	1.73865e+07	6.61894e+06	3.4509e+06	1.23904e+06	1.929e+06	0	4.3908e+06	413.156	0.3382	4.73158e+06	5601.89	6.68995e-14
9.6356e+07	5.24065e+07	0	141517	7.00241e+07	1.73617e+07	6.62341e+06	3.4513e+06	1.23904e+06	1.93307e+06	0	4.44779e+06	416.161	0.338141	4.78852e+06	5651.75	3.34497e-14
9.71507e+07	5.31433e+07	0	146972	7.00008e+07	1.73374e+07	6.63924e+06	3.45157e+06	1.25206e+06	1.93561e+06	0	4.50779e+06	419.166	0.339554	4.84857e+06	5701.61	-2.2168e-14
1.00556e+08	5.64841e+07	0	153274	6.99797e+07	1.73146e+07	6.65512e+06	3.45157e+06	1.26505e+06	1.9385e+06	0	4.57161e+06	422.172	0.340437	4.91244e+06	5751.48	-1.08101e-14
1.01124e+08	5.69872e+07	0	156220	6.99575e+07	1.72934e+07	6.67107e+06	3.45158e+06	1.27802e+06	1.94147e+06	0	4.63943e+06	425.177	0.341202	4.98022e+06	5801.34	-4.30633e-14
1.01805e+08	5.75911e+07	0	163663	6.99401e+07	1.72715e+07	6.68779e+06	3.45162e+06	1.29096e+06	1.94521e+06	0	4.70991e+06	428.182	0.342144	5.05078e+06	5851.2	1.07131e-14
1.03168e+08	5.8875e+07	0	168670	6.99223e+07	1.72526e+07	6.70432e+06	3.45167e+06	1.30388e+06	1.94876e+06	0	4.78462e+06	431.188	0.343027	5.12546e+06	5901.06	-2.12184e-14
1.04303e+08	5.99252e+07	0	174515	6.99064e+07	1.72334e+07	6.72136e+06	3.45196e+06	1.31677e+06	1.95263e+06	0	4.86269e+06	434.193	0.343851	5.20352e+06	5950.92	4.20965e-14
1.0453e+08	6.00624e+07	0	180002	6.98913e+07	1.72154e+07	6.73883e+06	3.45255e+06	1.32963e+06	1.95665e+06	0	4.94469e+06	437.198	0.345205	5.2855e+06	6000.79	-1.05073e-14
1.0453e+08	5.99813e+07	0	183062	6.98762e+07	1.71975e+07	6.74841e+06	3.45328e+06	1.32963e+06	1.9655e+06	0	5.02828e+06	440.204	0.346559	5.36907e+06	6050.65	0
1.04643e+08	5.99911e+07	0	190327	6.98638e+07	1.71805e+07	6.76788e+06	3.45416e+06	1.34244e+06	1.97128e+06	0	5.11755e+06	443.209	0.348384	5.45836e+06	6100.51	0
1.07765e+08	6.29466e+07	0	209729	6.98571e+07	1.71654e+07	6.78823e+06	3.45514e+06	1.35522e+06	1.97788e+06	0	5.25097e+06	446.214	0.350974	5.59216e+06	6150.37	-2.05458e-14
1.08106e+08	6.31676e+07	0	206497	6.98467e+07	1.71524e+07	6.80944e+06	3.45675e+06	1.36798e+06	1.98471e+06	0	5.3631e+06	449.22	0.351386	5.70426e+06	6200.24	-5.12441e-14
1.09468e+08	6.43792e+07	0	216684	6.98433e+07	1.71388e+07	6.83132e+06	3.45814e+06	1.38072e+06	1.99247e+06	0	5.48515e+06	452.225	0.35486	5.82636e+06	6250.1	-2.03074e-14
1.09468e+08	6.42615e+07	0	215837	6.9837e+07	1.71291e+07	6.84804e+06	3.46039e+06	1.38072e+06	2.00693e+06	0	5.5933e+06	455.23	0.355448	5.93451e+06	6299.96	-6.09221e-14
1.10036e+08	6.46771e+07	0	227468	6.98343e+07	1.71194e+07	6.87217e+06	3.46354e+06	1.3934e+06	2.01523e+06	0	5.71225e+06	458.236	0.35798	6.0535e+06	6349.82	6.06874e-14
1.10036e+08	6.45388e+07	0	231673	6.98333e+07	1.71108e+07	6.89179e+06	3.46681e+06	1.3934e+06	2.03159e+06	0	5.82779e+06	461.241	0.359098	6.16907e+06	6399.68	4.04583e-14
1.10036e+08	6.43924e+07	0	237972	6.98354e+07	1.71047e+07	6.91354e+06	3.4711e+06	1.3934e+06	2.04904e+06	0	5.94396e+06	464.246	0.359687	6.28528e+06	6449.55	-4.04583e-14
1.10036e+08	6.42395e+07	0	243063	6.98406e+07	1.71005e+07	6.93905e+06	3.4756e+06	1.3934e+06	2.07005e+06	0	6.06111e+06	467.252	0.361747	6.40249e+06	6499.41	4.04583e-14
1.10036e+08	6.40765e+07	0	250538	6.98428e+07	1.70989e+07	6.96924e+06	3.48329e+06	1.3934e+06	2.09255e+06	0	6.18419e+06	470.257	0.362042	6.52581e+06	6549.27	3.03437e-14
1.10604e+08	6.44114e+07	0	278899	6.9861e+07	1.70982e+07	7.00285e+06	3.4904e+06	1.40598e+06	2.10648e+06	0	6.33681e+06	473.262	0.365044	6.68033e+06	6599.13	-8.0606e-14
1.11171e+08	6.47294e+07	0	296955	6.98861e+07	1.71042e+07	7.03818e+06	3.4981e+06	1.41853e+06	2.12155e+06	0	6.50786e+06	476.267	0.367045	6.85195e+06	6649	4.01489e-14
1.11171e+08	6.45129e+07	0	292778	6.9912e+07	1.71137e+07	7.07487e+06	3.50578e+06	1.41853e+06	2.15056e+06	0	6.66596e+06	479.273	0.369577	7.01006e+06	6698.86	0
1.11171e+08	6.42846e+07	0	296862	6.99425e+07	1.71291e+07	7.11437e+06	3.5145e+06	1.41853e+06	2.18134e+06	0	6.82016e+06	482.278	0.371755	7.16442e+06	6748.72	-4.01489e-14
1.11171e+08	6.40477e+07	0	302024	6.99789e+07	1.71483e+07	7.15581e+06	3.52305e+06	1.41853e+06	2.21423e+06	0	6.97419e+06	485.283	0.373992	7.3188e+06	6798.58	2.00744e-14
1.11171e+08	6.38003e+07	0	308483	7.00169e+07	1.71714e+07	7.20224e+06	3.53317e+06	1.41853e+06	2.25053e+06	0	7.1306e+06	488.289	0.376523	7.47583e+06	6848.44	1.00372e-14
1.11171e+08	6.35341e+07	0	320849	7.00532e+07	1.71968e+07	7.25611e+06	3.54784e+06	1.41853e+06	2.28974e+06	0	7.29422e+06	491.294	0.378348	7.64083e+06	6898.31	2.00744e-14
1.11171e+08	6.32582e+07	0	329202	7.00954e+07	1.72216e+07	7.31277e+06	3.56165e+06	1.41853e+06	2.33259e+06	0	7.46293e+06	494.299	0.380644	7.81083e+06	6948.17	-6.02233e-14
1.11171e+08	6.29799e+07	0	331226	7.0144e+07	1.72507e+07	7.3714e+06	3.57341e+06	1.41853e+06	2.37945e+06	0	7.63206e+06	497.305	0.38347	7.98071e+06	6998.03	-6.02233e-14
1.11171e+08	6.2667e+07	0	348352	7.01936e+07	1.72859e+07	7.43903e+06	3.5928e+06	1.41853e+06	2.4277e+06	0	7.81056e+06	500.31	0.384	8.16245e+06	7047.89	-3.01117e-14
1.11171e+08	6.23539e+07	0	353048	7.02524e+07	1.73226e+07	7.50514e+06	3.60672e+06	1.41853e+06	2.47989e+06	0	7.99398e+06	503.315	0.388591	8.34775e+06	7097.76	-6.02233e-14
1.11171e+08	6.20217e+07	0	361597	7.03163e+07	1.73657e+07	7.57567e+06	3.62263e+06	1.41853e+06	2.53452e+06	0	8.18327e+06	506.321	0.391123	8.53898e+06	7147.62	3.01117e-14
1.11171e+08	6.16709e+07	0	370972	7.03858e+07	1.74129e+07	7.65216e+06	3.6394e+06	1.41853e+06	2.59423e+06	0	8.3787e+06	509.326	0.394419	8.73659e+06	7197.48	5.01861e-14
1.11171e+08	6.13047e+07	0	378469	7.04618e+07	1.74641e+07	7.73372e+06	3.6559e+06	1.41853e+06	2.65929e+06	0	8.57991e+06	512.331	0.398422	8.93992e+06	7247.34	-2.00744e-14
1.11171e+08	6.09206e+07	0	385977	7.05445e+07	1.75213e+07	7.82049e+06	3.67301e+06	1.41853e+06	2.72894e+06	0	8.7869e+06	515.337	0.401542	9.14899e+06	7297.2	-4.01489e-14
1.12647e+08	6.15502e+07	0	572726	7.07512e+07	1.76207e+07	7.8942e+06	3.69237e+06	1.43087e+06	2.77095e+06	0	9.16606e+06	518.342	0.412256	9.56759e+06	7347.07	-4.96921e-14
1.12647e+08	6.10059e+07	0	516672	7.08983e+07	1.77233e+07	7.99873e+06	3.71987e+06	1.43087e+06	2.84799e+06	0	9.51475e+06	521.347	0.413257	9.91623e+06	7396.93	-5.96305e-14
1.12647e+08	6.0467e+07	0	483763	7.10559e+07	1.78384e+07	8.10209e+06	3.74088e+06	1.43087e+06	2.93034e+06	0	9.82558e+06	524.353	0.418732	1.02271e+07	7446.79	-1.98768e-14
1.12647e+08	5.99062e+07	0	476081	7.12218e+07	1.79622e+07	8.21239e+06	3.76502e+06	1.43087e+06	3.0165e+06	0	1.01179e+07	527.358	0.422205	1.05196e+07	7496.65	-1.98768e-14
1.13385e+08	5.96989e+07	0	627520	7.14984e+07	1.81422e+07	8.3105e+06	3.80108e+06	1.44319e+06	3.06623e+06	0	1.05369e+07	530.363	0.436157	1.09734e+07	7546.52	-2.96692e-14
1.14918e+08	5.99591e+07	0	806174	7.18419e+07	1.83683e+07	8.41006e+06	3.83294e+06	1.4555e+06	3.12162e+06	0	1.11876e+07	533.369	0.456349	1.16639e+07	7596.38	2.93705e-14
1.15145e+08	5.94262e+07	0	682680	7.2069e+07	1.85326e+07	8.5118e+06	3.86315e+06	1.4678e+06	3.18085e+06	0	1.17422e+07	536.374	0.463237	1.22184e+07	7646.24	1.95512e-14
1.15145e+08	5.87513e+07	0	585936	7.22675e+07	1.86857e+07	8.65226e+06	3.89458e+06	1.4678e+06	3.28987e+06	0	1.21749e+07	539.379	0.466474	1.2651e+07	7696.1	2.93268e-14
1.15145e+08	5.80529e+07	0	556451	7.24727e+07	1.88434e+07	8.80085e+06	3.92969e+06	1.4678e+06	3.40335e+06	0	1.2549e+07	542.385	0.470006	1.30254e+07	7745.96	-3.91023e-14
1.15145e+08	5.72961e+07	0	568313	7.269e+07	1.90072e+07	8.96365e+06	3.97538e+06	1.4678e+06	3.52048e+06	0	1.29139e+07	545.39	0.47448	1.33925e+07	7795.83	-1.95512e-14
1.15145e+08	5.65573e+07	0	567537	7.29076e+07	1.91772e+07	9.12397e+06	4.01189e+06	1.4678e+06	3.64428e+06	0	1.32756e+07	548.395	0.482663	1.37559e+07	7845.69	-3.91023e-14
1.15145e+08	5.58041e+07	0	571787	7.31247e+07	1.93464e+07	9.29287e+06	4.05179e+06	1.4678e+06	3.77328e+06	0	1.36385e+07	551.401	0.489198	1.41215e+07	7895.55	1.95512e-14
1.15428e+08	5.51179e+07	0	661101	7.34317e+07	1.95596e+07	9.42034e+06	4.08975e+06	1.48011e+06	3.85048e+06	0	1.40847e+07	554.406	0.505445	1.45942e+07	7945.41	-9.75742e-15
1.15428e+08	5.42458e+07	0	647131	7.36766e+07	1.97423e+07	9.61276e+06	4.14366e+06	1.48011e+06	3.989e+06	0	1.45334e+07	557.411	0.509978	1.50438e+07	7995.27	0
1.15428e+08	5.34014e+07	0	630350	7.39175e+07	1.99357e+07	9.79886e+06	4.18585e+06	1.48011e+06	4.1329e+06	0	1.49676e+07	560.417	0.518279	1.54781e+07	8045.14	9.75742e-15
1.15428e+08	5.25388e+07	0	629233	7.4158e+07	2.01231e+07	9.9942e+06	4.23287e+06	1.48011e+06	4.28122e+06	0	1.53955e+07	563.422	0.525225	1.59072e+07	8095	-3.90297e-14
1.15428e+08	5.16522e+07	0	637523	7.44009e+07	2.031e+07	1.01984e+07	4.28406e+06	1.48011e+06	4.43421e+06	0	1.58268e+07	566.427	0.533526	1.63427e+07	8144.86	-4.87871e-14
1.15428e+08	5.07814e+07	0	637445	7.46357e+07	2.04957e+07	1.04024e+07	4.33035e+06	1.48011e+06	4.59189e+06	0	1.62588e+07	569.433	0.540237	1.67773e+07	8194.72	-8.78167e-14
1.15428e+08	4.98429e+07	0	660777	7.48782e+07	2.06754e+07	1.06257e+07	4.39168e+06	1.48011e+06	4.75394e+06	0	1.6708e+07	572.438	0.548007	1.7236e+07	8244.59	-5.85445e-14
1.15428e+08	4.89183e+07	0	667289	7.51154e+07	2.08618e+07	1.08464e+07	4.44601e+06	1.48011e+06	4.9203e+06	0	1.71683e+07	575.443	0.558309	1.77024e+07	8294.45	9.75742e-15
1.15428e+08	4.79057e+07	0	698889	7.53633e+07	2.10406e+07	1.10904e+07	4.5191e+06	1.48011e+06	5.09117e+06	0	1.76573e+07	578.449	0.569553	1.82055e+07	8344.31	9.75742e-15
1.15428e+08	4.6905e+07	0	709857	7.56045e+07	2.12258e+07	1.13323e+07	4.58603e+06	1.48011e+06	5.26611e+06	0	1.81641e+07	581.454	0.581739	1.87208e+07	8394.17	-3.90297e-14
1.15428e+08	4.59825e+07	0	690496	7.58185e+07	2.14017e+07	1.15641e+07	4.63976e+06	1.48011e+06	5.44427e+06	0	1.866e+07	584.459	0.58951	1.92168e+07	8444.03	-3.90297e-14
1.15428e+08	4.49895e+07	0	704550	7.60358e+07	2.15572e+07	1.18226e+07	4.71536e+06	1.48011e+06	5.62717e+06	0	1.91632e+07	587.465	0.594219	1.97269e+07	8493.9	-2.92722e-14
1.15428e+08	4.40205e+07	0	704075	7.62444e+07	2.17109e+07	1.20791e+07	4.78551e+06	1.48011e+06	5.81349e+06	0	1.96675e+07	590.47	0.602637	2.02349e+07	8543.76	-5.85445e-14
1.15428e+08	4.29724e+07	0	729837	7.64586e+07	2.18503e+07	1.23628e+07	4.87812e+06	1.48011e+06	6.00458e+06	0	2.0192e+07	593.475	0.608936	2.07732e+07	8593.62	-6.83019e-14
1.15428e+08	4.19933e+07	0	722561	7.6653e+07	2.19956e+07	1.26309e+07	4.95267e+06	1.48011e+06	6.19809e+06	0	2.07159e+07	596.481	0.618355	2.12998e+07	8643.48	-9.75742e-15
1.15428e+08	4.10009e+07	0	725897	7.68329e+07	2.2126e+07	1.29136e+07	5.03795e+06	1.48011e+06	6.39553e+06	0	2.12424e+07	599.486	0.627421	2.18316e+07	8693.35	-5.85445e-14
1.15428e+08	3.99329e+07	0	753603	7.70129e+07	2.22511e+07	1.32219e+07	5.14415e+06	1.48011e+06	6.59761e+06	0	2.17944e+07	602.491	0.637664	2.24017e+07	8743.21	-1.95148e-14
1.15428e+08	3.89166e+07	0	754639	7.71717e+07	2.23768e+07	1.3515e+07	5.2331e+06	1.48011e+06	6.80177e+06	0	2.23578e+07	605.497	0.655854	2.29726e+07	8793.07	-2.92722e-14
1.15428e+08	3.7948e+07	0	742306	7.73067e+07	2.24855e+07	1.38035e+07	5.31546e+06	1.48011e+06	7.00795e+06	0	2.29152e+07	608.502	0.662507	2.35311e+07	8842.93	-3.90297e-14
1.15428e+08	3.69878e+07	0	735635	7.74292e+07	2.25731e+07	1.40984e+07	5.40128e+06	1.48011e+06	7.21701e+06	0	2.34646e+07	611.507	0.665509	2.40823e+07	8892.79	-2.92722e-14
1.1645e+08	3.59228e+07	0	1.12215e+06	7.79114e+07	2.27761e+07	1.43193e+07	5.49544e+06	1.49272e+06	7.33112e+06	0	2.44617e+07	614.513	0.716195	2.52685e+07	8942.66	0
1.16893e+08	3.47724e+07	0	1.11441e+06	7.81624e+07	2.28981e+07	1.45712e+07	5.62013e+06	1.50535e+06	7.44571e+06	0	2.55598e+07	617.518	0.739153	2.63789e+07	8992.52	0
1.16893e+08	3.36559e+07	0	939192	7.82304e+07	2.29612e+07	1.49058e+07	5.73474e+06	1.50535e+06	7.66576e+06	0	2.64488e+07	620.523	0.734267	2.72679e+07	9042.38	-5.79884e-14
1.16893e+08	3.25561e+07	0	880447	7.82736e+07	2.30105e+07	1.52458e+07	5.85224e+06	1.50535e+06	7.88819e+06	0	2.72243e+07	623.529	0.737858	2.80435e+07	9092.24	-1.93295e-14
1.16921e+08	3.14487e+07	379.571	905838	7.8339e+07	2.30507e+07	1.55071e+07	5.97684e+06	1.51677e+06	8.01348e+06	0	2.80076e+07	626.534	0.741332	2.8841e+07	9142.11	-5.79777e-14
1.17205e+08	3.03302e+07	0	1.00888e+06	7.84555e+07	2.30956e+07	1.57758e+07	6.11451e+06	1.52948e+06	8.13183e+06	0	2.8922e+07	629.539	0.755754	2.98112e+07	9191.97	-1.92904e-14
1.17205e+08	2.93084e+07	0	889056	7.84543e+07	2.31183e+07	1.61128e+07	6.22488e+06	1.52948e+06	8.35849e+06	0	2.97278e+07	632.545	0.744216	3.0617e+07	9241.83	-9.6452e-15
1.17205e+08	2.83316e+07	0	832501	7.84312e+07	2.31372e+07	1.64506e+07	6.33514e+06	1.52948e+06	8.58596e+06	0	3.04465e+07	635.55	0.746335	3.13356e+07	9291.69	0
1.17517e+08	2.72765e+07	0	986384	7.84852e+07	2.31653e+07	1.673e+07	6.48125e+06	1.54225e+06	8.70647e+06	0	3.13265e+07	638.555	0.766056	3.2304e+07	9341.55	-3.8503e-14
1.17517e+08	2.62363e+07	0	897117	7.8433e+07	2.31711e+07	1.70985e+07	6.61479e+06	1.54225e+06	8.94144e+06	0	3.21397e+07	641.56	0.750221	3.31171e+07	9391.42	-3.8503e-14
1.17517e+08	2.50662e+07	0	900490	7.83676e+07	2.31729e+07	1.75308e+07	6.80376e+06	1.54225e+06	9.18478e+06	0	3.29395e+07	644.566	0.738447	3.3924e+07	9441.28	-1.92515e-14
1.17517e+08	2.38607e+07	0	912898	7.83036e+07	2.3174e+07	1.79742e+07	7.00091e+06	1.54225e+06	9.43108e+06	0	3.3753e+07	647.571	0.729852	3.47544e+07	9491.14	-3.8503e-14
1.17517e+08	2.28148e+07	0	870705	7.82438e+07	2.31735e+07	1.835e+07	7.13516e+06	1.54225e+06	9.67257e+06	0	3.45252e+07	650.576	0.730205	3.55265e+07	9541	-3.8503e-14
1.17517e+08	2.17725e+07	0	849398	7.81633e+07	2.31682e+07	1.87522e+07	7.29246e+06	1.54225e+06	9.91746e+06	0	3.52671e+07	653.582	0.724554	3.6269e+07	9590.86	-5.77545e-14
1.17517e+08	2.0831e+07	0	808030	7.80826e+07	2.31603e+07	1.91229e+07	7.42198e+06	1.54225e+06	1.01587e+07	0	3.59599e+07	656.587	0.718137	3.69617e+07	9640.73	-2.88773e-14
1.17517e+08	1.97339e+07	0	830580	7.7971e+07	2.3149e+07	1.96001e+07	7.64722e+06	1.54225e+06	1.04107e+07	0	3.66689e+07	659.592	0.696415	3.76924e+07	9690.59	-4.81288e-14
1.17858e+08	1.87236e+07	0	963688	7.8006e+07	2.31434e+07	1.99106e+07	7.82415e+06	1.55524e+06	1.05312e+07	0	3.75415e+07	662.598	0.704244	3.86597e+07	9740.45	-2.88138e-14
1.18199e+08	1.78036e+07	0	977774	7.80193e+07	2.31345e+07	2.0211e+07	7.99006e+06	1.56825e+06	1.06527e+07	0	3.84743e+07	665.603	0.69977	3.96089e+07	9790.31	-2.87507e-14
1.19221e+08	1.68773e+07	0	1.18995e+06	7.81685e+07	2.31282e+07	2.05583e+07	8.2029e+06	1.58128e+06	1.07741e+07	0	3.97137e+07	668.608	0.724672	4.09777e+07	9840.18	9.521e-15
1.19221e+08	1.60048e+07	0	886001	7.80123e+07	2.31079e+07	2.09925e+07	8.38509e+06	1.58128e+06	1.10261e+07	0	4.06121e+07	671.614	0.657208	4.18761e+07	9890.04	9.521e-15
1.19221e+08	1.51965e+07	0	756670	7.78651e+07	2.30866e+07	2.13988e+07	8.54326e+06	1.58128e+06	1.12743e+07	0	4.12907e+07	674.619	0.651439	4.25546e+07	9939.9	-9.521e-15
1.19221e+08	1.43924e+07	0	708813	7.77144e+07	2.30635e+07	2.18173e+07	8.71143e+06	1.58128e+06	1.15246e+07	0	4.18748e+07	677.624	0.640725	4.31389e+07	9989.76	1.9042e-14
1.19221e+08	1.35521e+07	0	699811	7.75605e+07	2.30382e+07	2.22637e+07	8.90287e+06	1.58128e+06	1.17795e+07	0	4.24316e+07	680.63	0.627244	4.36994e+07	10039.6	1.9042e-14
1.19221e+08	1.27552e+07	0	683189	7.74158e+07	2.30115e+07	2.26855e+07	9.07205e+06	1.58128e+06	1.20322e+07	0	4.2968e+07	683.635	0.618473	4.42363e+07	10089.5	-9.521e-15
1.20356e+08	1.19949e+07	0	1.05093e+06	7.76645e+07	2.29946e+07	2.30075e+07	9.26097e+06	1.59448e+06	1.2152e+07	0	4.39252e+07	686.64	0.648614	4.54464e+07	10139.3	0
1.21037e+08	1.12856e+07	0	1.02059e+06	7.77418e+07	2.29856e+07	2.33311e+07	9.4502e+06	1.6077e+06	1.22732e+07	0	4.4945e+07	689.646	0.653088	4.64738e+07	10189.2	-9.41177e-15
1.21037e+08	1.05627e+07	0	760507	7.75363e+07	2.29567e+07	2.38007e+07	9.6625e+06	1.6077e+06	1.25305e+07	0	4.56639e+07	692.651	0.58015	4.71926e+07	10239.1	9.41177e-15
1.21037e+08	9.80625e+06	0	665890	7.73223e+07	2.2926e+07	2.43071e+07	9.90712e+06	1.6077e+06	1.27923e+07	0	4.62225e+07	695.656	0.563313	4.77515e+07	10288.9	-2.82353e-14
1.21037e+08	9.10375e+06	0	618088	7.71279e+07	2.28941e+07	2.47711e+07	1.01125e+07	1.6077e+06	1.30509e+07	0	4.67033e+07	698.662	0.548066	4.82324e+07	10338.8	9.41177e-15
1.21037e+08	8.44149e+06	0	585642	7.69383e+07	2.28609e+07	2.52202e+07	1.03048e+07	1.6077e+06	1.33078e+07	0	4.71384e+07	701.667	0.534232	4.86675e+07	10388.7	-9.41177e-15
1.21037e+08	7.79382e+06	0	561806	7.67448e+07	2.2826e+07	2.5681e+07	1.05079e+07	1.6077e+06	1.35654e+07	0	4.75428e+07	704.672	0.51663	4.9072e+07	10438.5	9.41177e-15
1.21037e+08	7.19365e+06	0	533322	7.65523e+07	2.27899e+07	2.61283e+07	1.07e+07	1.6077e+06	1.38207e+07	0	4.79165e+07	707.678	0.49791	4.94458e+07	10488.4	9.41177e-15
1.21037e+08	6.71377e+06	0	487774	7.63751e+07	2.27532e+07	2.65013e+07	1.0831e+07	1.6077e+06	1.40626e+07	0	4.82462e+07	710.683	0.48284	4.97754e+07	10538.2	-1.88235e-14
1.21037e+08	6.26822e+06	0	448712	7.61833e+07	2.27144e+07	2.68874e+07	1.09749e+07	1.6077e+06	1.43047e+07	0	4.85365e+07	713.688	0.458939	5.00656e+07	10588.1	-9.41177e-15
1.21037e+08	5.88149e+06	0	410850	7.59936e+07	2.26742e+07	2.72478e+07	1.11005e+07	1.6077e+06	1.45396e+07	0	4.87904e+07	716.694	0.437158	5.03195e+07	10638	9.41177e-15
1.21037e+08	5.51366e+06	0	384069	7.57997e+07	2.26325e+07	2.76101e+07	1.12295e+07	1.6077e+06	1.4773e+07	0	4.90166e+07	719.699	0.422382	5.05456e+07	10687.8	0
1.21037e+08	5.16358e+06	0	365167	7.56099e+07	2.25888e+07	2.7963e+07	1.13524e+07	1.6077e+06	1.50029e+07	0	4.92225e+07	722.704	0.413669	5.07519e+07	10737.7	-9.41177e-15
1.21037e+08	4.83644e+06	0	348024	7.54259e+07	2.25431e+07	2.83015e+07	1.14657e+07	1.6077e+06	1.52281e+07	0	4.94122e+07	725.71	0.406252	5.09416e+07	10787.6	0
1.21037e+08	4.45988e+06	0	342848	7.52223e+07	2.24939e+07	2.8704e+07	1.16317e+07	1.6077e+06	1.54646e+07	0	4.95951e+07	728.715	0.388297	5.11283e+07	10837.4	-9.41177e-15
1.21037e+08	4.11658e+06	0	333701	7.5033e+07	2.24426e+07	2.90693e+07	1.17669e+07	1.6077e+06	1.56947e+07	0	4.97715e+07	731.72	0.376994	5.13074e+07	10887.3	-1.88235e-14
1.21037e+08	3.80876e+06	0	318436	7.48473e+07	2.23895e+07	2.94118e+07	1.18852e+07	1.6077e+06	1.59189e+07	0	4.99378e+07	734.726	0.36575	5.14738e+07	10937.1	-1.88235e-14
1.21037e+08	3.48727e+06	0	306149	7.46451e+07	2.23338e+07	2.97901e+07	1.20356e+07	1.6077e+06	1.61468e+07	0	5.00954e+07	737.731	0.345558	5.16327e+07	10987	-9.41177e-15
1.21037e+08	3.21391e+06	0	289023	7.44573e+07	2.22769e+07	3.01224e+07	1.21495e+07	1.6077e+06	1.63652e+07	0	5.02415e+07	740.736	0.333431	5.1779e+07	11036.9	-1.88235e-14
1.21037e+08	2.98247e+06	0	267949	7.42746e+07	2.2219e+07	3.04256e+07	1.22437e+07	1.6077e+06	1.65743e+07	0	5.03734e+07	743.742	0.321834	5.19108e+07	11086.7	9.41177e-15
1.21037e+08	2.74738e+06	0	251089	7.40765e+07	2.21585e+07	3.07566e+07	1.23618e+07	1.6077e+06	1.67872e+07	0	5.04925e+07	746.747	0.301584	5.20301e+07	11136.6	0
1.21037e+08	2.55325e+06	0	232721	7.3891e+07	2.20973e+07	3.1048e+07	1.24512e+07	1.6077e+06	1.69891e+07	0	5.05991e+07	749.752	0.288044	5.21368e+07	11186.5	0
1.21037e+08	2.36814e+06	0	215856	7.36936e+07	2.20343e+07	3.13514e+07	1.2552e+07	1.6077e+06	1.71917e+07	0	5.06951e+07	752.758	0.266262	5.22327e+07	11236.3	0
1.21037e+08	2.2075e+06	0	197979	7.35006e+07	2.19703e+07	3.16374e+07	1.26416e+07	1.6077e+06	1.73882e+07	0	5.07806e+07	755.763	0.250839	5.23182e+07	11286.2	0
1.21037e+08	2.03013e+06	0	182198	7.3275e+07	2.19034e+07	3.19791e+07	1.27787e+07	1.6077e+06	1.75927e+07	0	5.08576e+07	758.768	0.219992	5.23958e+07	11336	1.88235e-14
1.21037e+08	1.86089e+06	0	169930	7.30659e+07	2.18356e+07	3.22994e+07	1.28987e+07	1.6077e+06	1.77929e+07	0	5.0928e+07	761.774	0.215047	5.24683e+07	11385.9	1.88235e-14
1.21037e+08	1.71722e+06	0	158900	7.28784e+07	2.17678e+07	3.25769e+07	1.29855e+07	1.6077e+06	1.79837e+07	0	5.09927e+07	764.779	0.21487	5.25345e+07	11435.8	1.88235e-14
1.21037e+08	1.5976e+06	0	147284	7.27033e+07	2.17008e+07	3.28247e+07	1.3053e+07	1.6077e+06	1.81641e+07	0	5.10511e+07	767.784	0.213398	5.2594e+07	11485.6	9.41177e-15
1.21037e+08	1.48201e+06	0	137134	7.25266e+07	2.1633e+07	3.30749e+07	1.31244e+07	1.6077e+06	1.83428e+07	0	5.11034e+07	770.79	0.207158	5.26468e+07	11535.5	1.88235e-14
1.21037e+08	1.36762e+06	0	128215	7.23492e+07	2.15642e+07	3.33286e+07	1.32003e+07	1.6077e+06	1.85206e+07	0	5.11504e+07	773.795	0.198387	5.26943e+07	11585.4	2.82353e-14
1.21037e+08	1.26898e+06	0	121554	7.21852e+07	2.14959e+07	3.3555e+07	1.3259e+07	1.6077e+06	1.86883e+07	0	5.11933e+07	776.8	0.196739	5.27384e+07	11635.2	9.41177e-15
1.21037e+08	1.17213e+06	0	115887	7.20181e+07	2.1427e+07	3.3785e+07	1.33223e+07	1.6077e+06	1.8855e+07	0	5.12329e+07	779.806	0.188026	5.2779e+07	11685.1	2.82353e-14
1.21037e+08	1.06306e+06	0	111462	7.1844e+07	2.13566e+07	3.40354e+07	1.34027e+07	1.6077e+06	1.9025e+07	0	5.12701e+07	782.811	0.177842	5.28182e+07	11734.9	9.41177e-15
1.21037e+08	971258	0	106286	7.16849e+07	2.12867e+07	3.42562e+07	1.34626e+07	1.6077e+06	1.91859e+07	0	5.13054e+07	785.816	0.175664	5.28555e+07	11784.8	9.41177e-15
1.21037e+08	895631	0	100510	7.15338e+07	2.12174e+07	3.44557e+07	1.35107e+07	1.6077e+06	1.93373e+07	0	5.13384e+07	788.822	0.172014	5.28899e+07	11834.7	9.41177e-15
1.21037e+08	810891	0	92671.6	7.13623e+07	2.11461e+07	3.46898e+07	1.35857e+07	1.6077e+06	1.94964e+07	0	5.13684e+07	791.827	0.150056	5.29204e+07	11884.5	1.88235e-14
1.21037e+08	719919	0	85796.5	7.11802e+07	2.10739e+07	3.4943e+07	1.36791e+07	1.6077e+06	1.96562e+07	0	5.13951e+07	794.832	0.130865	5.29488e+07	11934.4	0
1.21037e+08	625588	0	73918.4	7.09696e+07	2.10012e+07	3.52371e+07	1.38132e+07	1.6077e+06	1.98163e+07	0	5.14178e+07	797.838	0.104197	5.29722e+07	11984.3	9.41177e-15
1.21037e+08	560039	0	64443.5	7.08018e+07	2.09296e+07	3.54609e+07	1.38849e+07	1.6077e+06	1.99683e+07	0	5.14368e+07	800.843	0.0974274	5.29951e+07	12034.1	0
1.21037e+08	517028	0	61002.7	7.06465e+07	2.08598e+07	3.56449e+07	1.39285e+07	1.6077e+06	2.01087e+07	0	5.14546e+07	803.848	0.0916583	5.30147e+07	12084	1.88235e-14
1.21037e+08	475387	0	56502.9	7.04791e+07	2.07892e+07	3.5842e+07	1.3984e+07	1.6077e+06	2.02503e+07	0	5.1471e+07	806.853	0.0806499	5.30314e+07	12133.8	2.82353e-14
1.21037e+08	437965	0	52464.9	7.03202e+07	2.07192e+07	3.60278e+07	1.40329e+07	1.6077e+06	2.03872e+07	0	5.14856e+07	809.859	0.0789427	5.30464e+07	12183.7	2.82353e-14
1.21037e+08	407290	0	50813.6	7.01785e+07	2.0651e+07	3.61884e+07	1.4067e+07	1.6077e+06	2.05137e+07	0	5.1499e+07	812.864	0.0815918	5.30612e+07	12233.6	1.88235e-14
1.21037e+08	367184	0	45577.4	7.00123e+07	2.05808e+07	3.63881e+07	1.41315e+07	1.6077e+06	2.06489e+07	0	5.15109e+07	815.869	0.0675222	5.30731e+07	12283.4	2.82353e-14
1.21037e+08	328479	0	41173.2	6.98574e+07	2.05111e+07	3.65764e+07	1.41879e+07	1.6077e+06	2.07808e+07	0	5.15206e+07	818.875	0.0665803	5.30839e+07	12333.3	9.41177e-15
1.21037e+08	296437	0	40672	6.97208e+07	2.04427e+07	3.67371e+07	1.42247e+07	1.6077e+06	2.09048e+07	0	5.15289e+07	821.88	0.0699947	5.30956e+07	12383.1	9.41177e-15
1.21037e+08	264445	0	39858.9	6.95824e+07	2.03743e+07	3.69004e+07	1.42652e+07	1.6077e+06	2.10275e+07	0	5.15369e+07	824.885	0.0691117	5.31056e+07	12433	1.88235e-14
1.21037e+08	233987	0	38269.1	6.94469e+07	2.03063e+07	3.70605e+07	1.43052e+07	1.6077e+06	2.11476e+07	0	5.15443e+07	827.891	0.0664037	5.31146e+07	12482.9	1.88235e-14
1.21037e+08	208002	0	36609.4	6.93179e+07	2.02389e+07	3.72103e+07	1.43394e+07	1.6077e+06	2.12632e+07	0	5.15512e+07	830.896	0.0646377	5.3123e+07	12532.7	1.88235e-14
1.21037e+08	179077	0	32683	6.91799e+07	2.01711e+07	3.7375e+07	1.43876e+07	1.6077e+06	2.13796e+07	0	5.15573e+07	833.901	0.0542179	5.31294e+07	12582.6	1.88235e-14
1.21037e+08	156135	0	30472.7	6.90572e+07	2.01043e+07	3.75177e+07	1.44201e+07	1.6077e+06	2.149e+07	0	5.15624e+07	836.907	0.0571614	5.31365e+07	12632.5	1.88235e-14
1.21037e+08	138576	0	29863.1	6.89427e+07	2.00388e+07	3.76456e+07	1.44445e+07	1.6077e+06	2.15934e+07	0	5.15672e+07	839.912	0.0588097	5.31431e+07	12682.3	1.88235e-14
1.21037e+08	121157	0	26370.3	6.88193e+07	1.99727e+07	3.77854e+07	1.44789e+07	1.6077e+06	2.16988e+07	0	5.15717e+07	842.917	0.0514511	5.3148e+07	12732.2	9.41177e-15
1.21037e+08	102889	0	20112.3	6.86859e+07	1.99063e+07	3.79397e+07	1.45274e+07	1.6077e+06	2.18046e+07	0	5.15754e+07	845.923	0.0370283	5.31517e+07	12782	9.41177e-15
1.21037e+08	93528.3	0	17229.1	6.85898e+07	1.98434e+07	3.80454e+07	1.45434e+07	1.6077e+06	2.18943e+07	0	5.1578e+07	848.928	0.0499205	5.31558e+07	12831.9	1.88235e-14
1.21037e+08	83270.4	0	15433.8	6.84777e+07	1.9779e+07	3.81675e+07	1.45699e+07	1.6077e+06	2.19899e+07	0	5.15801e+07	851.933	0.0442103	5.31585e+07	12881.8	9.41177e-15
1.21037e+08	75482.1	0	15482.7	6.83784e+07	1.97165e+07	3.82727e+07	1.45877e+07	1.6077e+06	2.20773e+07	0	5.15819e+07	854.939	0.0484488	5.31619e+07	12931.6	9.41177e-15
1.21037e+08	68358.2	0	14421.7	6.82761e+07	1.96539e+07	3.83815e+07	1.46087e+07	1.6077e+06	2.21652e+07	0	5.15835e+07	857.944	0.0460941	5.31643e+07	12981.5	1.88235e-14
1.21037e+08	62727.8	0	13651	6.81781e+07	1.95923e+07	3.84845e+07	1.46274e+07	1.6077e+06	2.22494e+07	0	5.1585e+07	860.949	0.0449756	5.31665e+07	13031.4	-9.41177e-15
1.21037e+08	57932	0	11034.1	6.80715e+07	1.953e+07	3.85972e+07	1.46531e+07	1.6077e+06	2.23364e+07	0	5.15863e+07	863.955	0.0320245	5.3168e+07	13081.2	2.82353e-14
1.21037e+08	53320.4	0	8430.68	6.79686e+07	1.94684e+07	3.87064e+07	1.46775e+07	1.6077e+06	2.24212e+07	0	5.15872e+07	866.96	0.03226	5.31692e+07	13131.1	9.41177e-15
1.21037e+08	49207.6	0	6478.73	6.78698e+07	1.94075e+07	3.88106e+07	1.46994e+07	1.6077e+06	2.25035e+07	0	5.15879e+07	869.965	0.0333196	5.31703e+07	13180.9	1.88235e-14
1.21037e+08	45445.2	0	5035.85	6.77731e+07	1.93474e+07	3.8912e+07	1.47207e+07	1.6077e+06	2.25836e+07	0	5.15883e+07	872.971	0.0330253	5.31712e+07	13230.8	9.41177e-15
1.21037e+08	41740.9	0	3776.22	6.76776e+07	1.92877e+07	3.90122e+07	1.47422e+07	1.6077e+06	2.26624e+07	0	5.15885e+07	875.976	0.0321422	5.3172e+07	13280.6	0
1.21037e+08	38448.6	0	3488.08	6.75899e+07	1.92293e+07	3.91034e+07	1.47589e+07	1.6077e+06	2.27368e+07	0	5.15886e+07	878.981	0.0352623	5.3173e+07	13330.4	9.41177e-15
1.21037e+08	35838.7	0	4546.39	6.75122e+07	1.91727e+07	3.91827e+07	1.47709e+07	1.6077e+06	2.2804e+07	0	5.15887e+07	881.987	0.0386178	5.31746e+07	13380.3	1.88235e-14
1.23081e+08	32943.8	0	76169.2	6.9376e+07	1.91992e+07	3.92828e+07	1.48286e+07	1.62197e+06	2.28322e+07	0	5.15995e+07	884.992	0.0926002	5.32417e+07	13430.1	9.29184e-15
1.23966e+08	29579	0	101058	7.00633e+07	1.92934e+07	3.94281e+07	1.49173e+07	1.63625e+06	2.28746e+07	0	5.16308e+07	887.997	0.121799	5.32949e+07	13479.9	1.84816e-14
1.23966e+08	26717.1	0	69369.4	6.98998e+07	1.92279e+07	3.95965e+07	1.4978e+07	1.63625e+06	2.29823e+07	0	5.16605e+07	891.003	0.0704068	5.33255e+07	13529.8	9.24081e-15
1.23966e+08	24058.2	0	48717.5	6.97465e+07	1.91624e+07	3.9752e+07	1.50303e+07	1.63625e+06	2.30854e+07	0	5.16816e+07	894.008	0.0759404	5.33468e+07	13579.6	0
1.24023e+08	21815.2	32.0346	41386	6.97019e+07	1.91179e+07	3.98479e+07	1.50734e+07	1.65043e+06	2.31241e+07	0	5.16965e+07	897.013	0.0990169	5.3363e+07	13629.4	0
1.2459e+08	19417.1	0	68834.6	7.01115e+07	1.91595e+07	3.99644e+07	1.51359e+07	1.66472e+06	2.31638e+07	0	5.1713e+07	900.019	0.138577	5.34008e+07	13679.3	0
1.2459e+08	17413.9	0	53544.4	6.99703e+07	1.90998e+07	4.01075e+07	1.51841e+07	1.66472e+06	2.32587e+07	0	5.17284e+07	903.024	0.106258	5.34179e+07	13729.1	1.84104e-14
1.2459e+08	15238.4	0	40251.4	6.98109e+07	1.90354e+07	4.02703e+07	1.52446e+07	1.66472e+06	2.3361e+07	0	5.17405e+07	906.029	0.0699358	5.34309e+07	13779	1.84104e-14
1.25215e+08	13083.9	0	77268	7.02553e+07	1.91143e+07	4.04e+07	1.53195e+07	1.67901e+06	2.34014e+07	0	5.17559e+07	909.035	0.152234	5.3475e+07	13828.8	9.16981e-15
1.25215e+08	10379.6	0	57364.1	7.00399e+07	1.90504e+07	4.06236e+07	1.54306e+07	1.67901e+06	2.35141e+07	0	5.17703e+07	912.04	0.0173662	5.34919e+07	13878.6	1.83396e-14
1.25215e+08	8338.5	0	42047.6	6.98742e+07	1.89863e+07	4.07958e+07	1.54981e+07	1.67901e+06	2.36187e+07	0	5.17811e+07	915.045	0.0327309	5.35041e+07	13928.5	9.16981e-15
1.25215e+08	6660.42	0	32403.9	6.97153e+07	1.89228e+07	4.09583e+07	1.55589e+07	1.67901e+06	2.37204e+07	0	5.17889e+07	918.051	0.0397951	5.35129e+07	13978.3	9.16981e-15
1.25215e+08	5572.76	0	27023.7	6.95894e+07	1.88633e+07	4.10851e+07	1.55975e+07	1.67901e+06	2.38086e+07	0	5.17944e+07	921.056	0.0561017	5.35193e+07	14028.1	0
1.25215e+08	4382.8	0	22493.8	6.9447e+07	1.88015e+07	4.12292e+07	1.56466e+07	1.67901e+06	2.39036e+07	0	5.17985e+07	924.061	0.0572791	5.35241e+07	14078	0
1.25215e+08	3366.18	0	19409.6	6.93153e+07	1.87411e+07	4.1362e+07	1.56886e+07	1.67901e+06	2.39944e+07	0	5.18014e+07	927.067	0.0634014	5.35279e+07	14127.8	-9.16981e-15
1.25215e+08	2370.82	0	17023.8	6.9183e+07	1.86806e+07	4.14955e+07	1.57312e+07	1.67901e+06	2.40853e+07	0	5.18036e+07	930.072	0.0657562	5.3531e+07	14177.6	9.16981e-15
1.25896e+08	1392.06	0	45093.7	6.97058e+07	1.86847e+07	4.16232e+07	1.58066e+07	1.69333e+06	2.41233e+07	0	5.18072e+07	933.077	0.116501	5.35543e+07	14227.4	-9.13153e-15
1.26577e+08	834.542	0	99459.3	7.02056e+07	1.8861e+07	4.17378e+07	1.58691e+07	1.70765e+06	2.41611e+07	0	5.18201e+07	936.083	0.162065	5.36106e+07	14277.3	-9.09357e-15
1.2862e+08	493.348	0	337654	7.17972e+07	1.96599e+07	4.18422e+07	1.59232e+07	1.72196e+06	2.4197e+07	0	5.19298e+07	939.088	0.252075	5.39085e+07	14327.2	-8.98157e-15
1.2862e+08	174.121	0	230912	7.16155e+07	1.96098e+07	4.20259e+07	1.60041e+07	1.72196e+06	2.42998e+07	0	5.20348e+07	942.093	0.0764702	5.40154e+07	14377	1.79631e-14
1.2862e+08	54.9022	0	157692	7.14421e+07	1.95522e+07	4.22005e+07	1.60774e+07	1.72196e+06	2.44011e+07	0	5.21069e+07	945.099	0.0798846	5.40874e+07	14426.9	-8.98157e-15
1.2862e+08	0	0	110420	7.12765e+07	1.94947e+07	4.2367e+07	1.61442e+07	1.72196e+06	2.45009e+07	0	5.21533e+07	948.104	0.0822982	5.41338e+07	14476.7	8.98157e-15
1.2862e+08	0	0	78508.6	7.1085e+07	1.94352e+07	4.25608e+07	1.62323e+07	1.72196e+06	2.46065e+07	0	5.2183e+07	951.109	0.0367928	5.41634e+07	14526.6	-8.98157e-15
1.2862e+08	0	0	56485.8	7.08933e+07	1.93753e+07	4.27556e+07	1.63209e+07	1.72196e+06	2.47126e+07	0	5.22019e+07	954.115	0.0296697	5.41823e+07	14576.5	8.98157e-15
1.30891e+08	0	0	295553	7.26175e+07	2.01026e+07	4.29769e+07	1.64839e+07	1.7363e+06	2.47567e+07	0	5.22878e+07	957.12	0.279802	5.44487e+07	14626.3	1.77206e-14
1.32253e+08	0	0	440865	7.34399e+07	2.05724e+07	4.31618e+07	1.66095e+07	1.75063e+06	2.48017e+07	0	5.24976e+07	960.125	0.333019	5.47674e+07	14676.2	1.75782e-14
1.32253e+08	0	0	280155	7.32287e+07	2.05267e+07	4.33756e+07	1.67139e+07	1.75063e+06	2.49111e+07	0	5.26557e+07	963.131	0.0630482	5.49254e+07	14726.1	2.63673e-14
1.32253e+08	0	0	181069	7.29935e+07	2.04734e+07	4.36137e+07	1.68394e+07	1.75063e+06	2.50237e+07	0	5.27519e+07	966.136	0.030023	5.50215e+07	14775.9	8.78912e-15
1.32253e+08	0	0	120571	7.27542e+07	2.04193e+07	4.38568e+07	1.69688e+07	1.75063e+06	2.51374e+07	0	5.28086e+07	969.141	0.0229587	5.50782e+07	14825.8	0
1.32253e+08	0	0	83362.1	7.25729e+07	2.03663e+07	4.40411e+07	1.70465e+07	1.75063e+06	2.52439e+07	0	5.28427e+07	972.146	0.0432684	5.51124e+07	14875.6	8.78912e-15
1.32253e+08	0	0	59967.5	7.23858e+07	2.03127e+07	4.42302e+07	1.71275e+07	1.75063e+06	2.53521e+07	0	5.28641e+07	975.152	0.0478013	5.51338e+07	14925.5	-8.78912e-15
1.32253e+08	0	0	43460.4	7.21741e+07	2.02574e+07	4.44447e+07	1.72287e+07	1.75063e+06	2.54654e+07	0	5.28778e+07	978.157	0.0249603	5.51475e+07	14975.4	1.75782e-14
1.32253e+08	0	0	31232.7	7.19751e+07	2.02019e+07	4.46472e+07	1.73178e+07	1.75063e+06	2.55788e+07	0	5.28865e+07	981.162	0.0261965	5.51563e+07	15025.2	1.75782e-14
1.32253e+08	0	0	23165.2	7.18094e+07	2.01471e+07	4.48153e+07	1.73784e+07	1.75063e+06	2.56863e+07	0	5.28922e+07	984.168	0.0400306	5.51621e+07	15075.1	1.75782e-14
1.32253e+08	0	0	18184.2	7.16582e+07	2.00931e+07	4.49675e+07	1.74276e+07	1.75063e+06	2.57892e+07	0	5.28962e+07	987.173	0.0516866	5.51663e+07	15124.9	2.63673e-14
1.32253e+08	0	0	12917.3	7.14463e+07	2.00351e+07	4.5182e+07	1.75237e+07	1.75063e+06	2.59077e+07	0	5.28988e+07	990.178	0.00582799	5.5169e+07	15174.8	1.75782e-14
1.32253e+08	0	0	7579.6	7.12755e+07	1.99775e+07	4.53567e+07	1.75845e+07	1.75063e+06	2.60216e+07	0	5.29003e+07	993.184	0.0148937	5.51708e+07	15224.7	1.75782e-14
1.32253e+08	0	0	5661.85	7.11357e+07	1.99222e+07	4.54975e+07	1.76232e+07	1.75063e+06	2.61236e+07	0	5.29012e+07	996.189	0.0299641	5.51721e+07	15274.5	8.78912e-15
1.32253e+08	0	0	4512.69	7.09952e+07	1.98664e+07	4.56386e+07	1.76618e+07	1.75063e+06	2.62262e+07	0	5.29018e+07	999.194	0.0387355	5.51731e+07	15324.4	1.75782e-14
1.32253e+08	0	0	3989.29	7.08684e+07	1.98121e+07	4.57656e+07	1.76937e+07	1.75063e+06	2.63212e+07	0	5.29022e+07	1002.2	0.0506858	5.5174e+07	15374.3	3.51565e-14
1.32253e+08	0	0	3303.6	7.07324e+07	1.97559e+07	4.59019e+07	1.77293e+07	1.75063e+06	2.6422e+07	0	5.29024e+07	1005.21	0.0530994	5.51748e+07	15424.1	2.63673e-14
