#Output values file generated by Xhydro
4
ReportTime
point# 1
point# 3
point# 2
1	0.290426	0.216634	0.174384	
2	0.290095	0.216291	0.174028	
3	0.296082	0.222842	0.186624	
4	0.298522	0.225478	0.191833	
5	0.298095	0.225002	0.1913	
6	0.297691	0.224558	0.190808	
7	0.297645	0.224473	0.19083	
8	0.299178	0.22612	0.194115	
9	0.298862	0.225757	0.193702	
10	0.298484	0.225341	0.19324	
11	0.300072	0.227068	0.196778	
12	0.299688	0.226649	0.196318	
13	0.299312	0.226242	0.195872	
14	0.298947	0.225848	0.195442	
15	0.298599	0.225474	0.195033	
16	0.298239	0.225093	0.194622	
17	0.297909	0.224741	0.194239	
18	0.297616	0.224423	0.193891	
19	0.299417	0.226384	0.197835	
20	0.301221	0.228345	0.201781	
21	0.307184	0.234878	0.214388	
22	0.306862	0.234511	0.213985	
23	0.306536	0.234144	0.213584	
24	0.306209	0.233779	0.213189	
25	0.305879	0.233416	0.212797	
26	0.3056	0.233096	0.212448	
27	0.312261	0.240386	0.226493	
28	0.31615	0.244613	0.234752	
29	0.315841	0.244242	0.23435	
30	0.315496	0.243845	0.233928	
31	0.315204	0.243495	0.233551	
32	0.314933	0.243163	0.233191	
33	0.314627	0.242804	0.232809	
34	0.314313	0.242441	0.232428	
35	0.314931	0.243066	0.23383	
36	0.325013	0.254256	0.255046	
37	0.326844	0.256376	0.258971	
38	0.328664	0.258524	0.262882	
39	0.336706	0.267701	0.27977	
40	0.337349	0.268722	0.281163	
41	0.337016	0.268723	0.280721	
42	0.336716	0.26875	0.280308	
43	0.336404	0.26877	0.279893	
44	0.336084	0.268789	0.279485	
45	0.337363	0.270542	0.282291	
46	0.340544	0.274461	0.289067	
47	0.346003	0.280994	0.300532	
48	0.353042	0.289402	0.315184	
49	0.35886	0.296577	0.327236	
50	0.364689	0.30385	0.339238	
51	0.374836	0.31594	0.360162	
52	0.374983	0.316997	0.360177	
53	0.374695	0.317634	0.359488	
54	0.374419	0.318283	0.358821	
55	0.375948	0.320862	0.361722	
56	0.375929	0.321728	0.361466	
57	0.375634	0.322364	0.360812	
58	0.375356	0.323018	0.360168	
59	0.379977	0.329028	0.361981	
60	0.382881	0.33313	0.363368	
61	0.38441	0.337197	0.364528	
62	0.397185	0.353211	0.365453	
63	0.400628	0.359353	0.366338	
64	0.404947	0.369888	0.3671	
65	0.408581	0.37918	0.367721	
66	0.4157	0.391704	0.368202	
67	0.416935	0.397559	0.368549	
68	0.419596	0.405027	0.368757	
69	0.419445	0.408496	0.369007	
70	0.419303	0.411554	0.369148	
71	0.4192	0.414428	0.369346	
72	0.419645	0.417185	0.369082	
73	0.434081	0.42096	0.368793	
74	0.461437	0.424447	0.368505	
75	0.460359	0.42776	0.368219	
76	0.45947	0.430996	0.367933	
77	0.457902	0.433063	0.367649	
78	0.457131	0.435569	0.367366	
79	0.456066	0.437542	0.367084	
80	0.456554	0.438874	0.366803	
81	0.456087	0.440588	0.366524	
82	0.455015	0.442372	0.366245	
83	0.454161	0.443513	0.365968	
84	0.453491	0.444596	0.365691	
85	0.452785	0.445672	0.365416	
86	0.461437	0.447147	0.365142	
87	0.461437	0.448339	0.36487	
88	0.461437	0.449741	0.364598	
89	0.461437	0.451001	0.364327	
90	0.461437	0.452195	0.364058	
91	0.461437	0.453392	0.363789	
92	0.461437	0.45459	0.363522	
93	0.461437	0.45579	0.363255	
94	0.461437	0.456992	0.36299	
95	0.461437	0.458195	0.362726	
96	0.461437	0.4594	0.362463	
97	0.461437	0.460607	0.362201	
98	0.461437	0.461815	0.36194	
99	0.461437	0.463026	0.36168	
100	0.461437	0.464238	0.361422	
101	0.461437	0.465452	0.361164	
102	0.461437	0.466667	0.360907	
103	0.461437	0.466982	0.360651	
104	0.461437	0.466982	0.360397	
105	0.461437	0.466982	0.360143	
106	0.461437	0.466982	0.359891	
107	0.461437	0.466982	0.359639	
108	0.461437	0.466982	0.359389	
109	0.461437	0.466982	0.359139	
110	0.461437	0.466982	0.358891	
111	0.461437	0.466982	0.358643	
112	0.461437	0.466982	0.358397	
113	0.461437	0.466982	0.358152	
114	0.461437	0.466982	0.357907	
115	0.461437	0.466982	0.357664	
116	0.461437	0.466982	0.357421	
117	0.461437	0.466982	0.35718	
118	0.461437	0.466982	0.356939	
119	0.461437	0.466982	0.3567	
120	0.461437	0.466982	0.356461	
121	0.461437	0.466982	0.356224	
122	0.461437	0.466982	0.355987	
123	0.461437	0.466982	0.355752	
124	0.461437	0.466982	0.355517	
125	0.461437	0.466982	0.355283	
126	0.461437	0.466982	0.35505	
127	0.461437	0.466982	0.354819	
128	0.461437	0.466982	0.354588	
129	0.461437	0.466982	0.354358	
130	0.461437	0.466982	0.354129	
131	0.461437	0.466982	0.353901	
132	0.461437	0.466982	0.353674	
133	0.461437	0.466982	0.353447	
134	0.461437	0.466982	0.353222	
135	0.461437	0.466982	0.352998	
136	0.461437	0.466982	0.352774	
137	0.461437	0.466982	0.352552	
138	0.461437	0.466982	0.35233	
139	0.461437	0.466982	0.352109	
140	0.461437	0.466982	0.351889	
141	0.461437	0.466982	0.351671	
142	0.461437	0.466982	0.351452	
143	0.461437	0.466982	0.351235	
144	0.461437	0.466982	0.351019	
145	0.461437	0.466982	0.350804	
146	0.461437	0.466982	0.350589	
147	0.461437	0.466982	0.350375	
148	0.461437	0.466982	0.350163	
149	0.461437	0.466982	0.349951	
150	0.461437	0.466982	0.34974	
151	0.461437	0.466982	0.349529	
152	0.461437	0.466982	0.34932	
153	0.461437	0.466982	0.349112	
154	0.461437	0.466982	0.348904	
155	0.461437	0.466982	0.348697	
156	0.461437	0.466982	0.348491	
157	0.461437	0.466982	0.348286	
158	0.461437	0.466982	0.348082	
159	0.461437	0.466982	0.347878	
160	0.461437	0.466982	0.347676	
161	0.461437	0.466982	0.347474	
162	0.461437	0.466982	0.347273	
163	0.461437	0.466982	0.347073	
164	0.461437	0.466982	0.346873	
165	0.461437	0.466982	0.346675	
166	0.461437	0.466982	0.346477	
167	0.461437	0.466982	0.34628	
168	0.461437	0.466982	0.346084	
169	0.461437	0.466982	0.345889	
170	0.461437	0.466982	0.345694	
171	0.461437	0.466982	0.3455	
172	0.461437	0.466982	0.345308	
173	0.461437	0.466982	0.345115	
174	0.461437	0.466982	0.344924	
175	0.461437	0.466982	0.344733	
176	0.461437	0.466982	0.344544	
177	0.461437	0.466982	0.344354	
178	0.461437	0.466982	0.344166	
179	0.461437	0.466982	0.343979	
180	0.461437	0.466982	0.343792	
181	0.461437	0.466982	0.343606	
182	0.461437	0.466982	0.343421	
183	0.461437	0.466982	0.343236	
184	0.461437	0.466982	0.343052	
185	0.461437	0.466982	0.342869	
186	0.461437	0.466982	0.342687	
187	0.461437	0.466982	0.342506	
188	0.461437	0.466982	0.342325	
189	0.461437	0.466982	0.342145	
190	0.461437	0.466982	0.341966	
191	0.461437	0.466982	0.341787	
192	0.461437	0.466982	0.341609	
193	0.461437	0.466982	0.341432	
194	0.461437	0.466982	0.341256	
195	0.461437	0.466982	0.34108	
196	0.461437	0.466982	0.341035	
197	0.461437	0.466982	0.340872	
198	0.461437	0.466982	0.340981	
199	0.461437	0.466982	0.341194	
200	0.461437	0.466982	0.341502	
201	0.461437	0.466982	0.341931	
202	0.461437	0.466982	0.342468	
203	0.461437	0.466982	0.343677	
204	0.461437	0.466982	0.344963	
205	0.461437	0.466982	0.346489	
206	0.461437	0.466982	0.348219	
207	0.461437	0.466982	0.350181	
208	0.461437	0.466982	0.352449	
209	0.461437	0.466982	0.354986	
210	0.461437	0.466982	0.357572	
211	0.461437	0.466982	0.360302	
212	0.461437	0.466982	0.363223	
213	0.461437	0.466982	0.366238	
214	0.461437	0.466982	0.369391	
215	0.461437	0.466982	0.373139	
216	0.461437	0.466982	0.377028	
217	0.461437	0.466982	0.380952	
218	0.461437	0.466982	0.385016	
219	0.461437	0.466982	0.389256	
220	0.461437	0.466982	0.393512	
221	0.461437	0.466982	0.39813	
222	0.461437	0.466982	0.402788	
223	0.461437	0.466982	0.407948	
224	0.461437	0.466982	0.413196	
225	0.461437	0.466982	0.418151	
226	0.461437	0.466982	0.423559	
227	0.461437	0.466982	0.428984	
228	0.461437	0.466982	0.435013	
229	0.461437	0.466982	0.440796	
230	0.461437	0.466982	0.446807	
231	0.461437	0.466982	0.453501	
232	0.461437	0.466982	0.460026	
233	0.461437	0.466982	0.466341	
234	0.461437	0.466982	0.4719	
235	0.461437	0.466982	0.4719	
236	0.461437	0.466982	0.4719	
237	0.461437	0.466982	0.4719	
238	0.461437	0.466982	0.4719	
239	0.461437	0.466982	0.4719	
240	0.461437	0.466982	0.4719	
241	0.461437	0.466982	0.4719	
242	0.461437	0.466982	0.4719	
243	0.461437	0.466982	0.4719	
244	0.461437	0.466982	0.4719	
245	0.461437	0.466982	0.4719	
246	0.461437	0.466982	0.4719	
247	0.461437	0.466982	0.4719	
248	0.461437	0.466982	0.4719	
249	0.461437	0.466982	0.4719	
250	0.461437	0.466982	0.4719	
251	0.461437	0.466982	0.4719	
252	0.461437	0.466982	0.4719	
253	0.461437	0.466982	0.4719	
254	0.461437	0.466982	0.4719	
255	0.461437	0.466982	0.4719	
256	0.461437	0.466982	0.4719	
257	0.461437	0.466982	0.4719	
258	0.461437	0.466982	0.4719	
259	0.461437	0.466982	0.4719	
260	0.461437	0.466982	0.4719	
261	0.461437	0.466982	0.4719	
262	0.461437	0.466982	0.467456	
263	0.461437	0.466982	0.462945	
264	0.461437	0.466982	0.459001	
265	0.461437	0.466982	0.455829	
266	0.461437	0.463651	0.45319	
267	0.461437	0.461338	0.450764	
268	0.461437	0.458945	0.448418	
269	0.461437	0.457038	0.446187	
270	0.461437	0.455359	0.444021	
271	0.461437	0.453933	0.441922	
272	0.461437	0.452709	0.439884	
273	0.461437	0.45143	0.437834	
274	0.461437	0.450311	0.435839	
275	0.461437	0.449327	0.433889	
276	0.461437	0.448383	0.431934	
277	0.461437	0.447552	0.430032	
278	0.461437	0.446813	0.428181	
279	0.461437	0.446068	0.42631	
280	0.461437	0.445408	0.424498	
281	0.461437	0.444747	0.422681	
282	0.461437	0.444129	0.420898	
283	0.4582	0.443449	0.419066	
284	0.45528	0.442793	0.417256	
285	0.453187	0.442197	0.415499	
286	0.451582	0.441669	0.413801	
287	0.450104	0.441138	0.412108	
288	0.448737	0.440598	0.410415	
289	0.447539	0.440125	0.408784	
290	0.446382	0.439642	0.407151	
291	0.445207	0.439112	0.405489	
292	0.444168	0.438641	0.403883	
293	0.443254	0.438234	0.402339	
294	0.442234	0.437738	0.400729	
295	0.441195	0.437213	0.399104	
296	0.440137	0.436663	0.397468	
297	0.43917	0.436165	0.395883	
298	0.438342	0.435754	0.39438	
299	0.437472	0.43531	0.392859	
300	0.436642	0.434889	0.391365	
301	0.435935	0.434548	0.38995	
302	0.435073	0.434098	0.388452	
303	0.434231	0.433659	0.386972	
304	0.433479	0.433278	0.38555	
305	0.432717	0.432889	0.384131	
306	0.431966	0.432504	0.382725	
307	0.431257	0.432148	0.381352	
308	0.430502	0.431759	0.379961	
309	0.429818	0.431416	0.378647	
310	0.429217	0.43113	0.377424	
311	0.428554	0.430802	0.376226	
312	0.427857	0.430449	0.375072	
313	0.427396	0.430261	0.374043	
314	0.426817	0.429988	0.373021	
315	0.426349	0.429792	0.372072	
316	0.42585	0.429574	0.371155	
317	0.425389	0.429383	0.370285	
318	0.424859	0.429144	0.369442	
319	0.424343	0.428913	0.368638	
320	0.42385	0.428699	0.367871	
321	0.423371	0.428494	0.367138	
322	0.422897	0.428292	0.366436	
323	0.422479	0.428129	0.365765	
324	0.422163	0.42804	0.365127	
325	0.428358	0.435057	0.377486	
326	0.430999	0.438166	0.382209	
327	0.430605	0.438016	0.381059	
328	0.430245	0.437889	0.379949	
329	0.430433	0.438258	0.379494	
330	0.432139	0.440309	0.38216	
331	0.431848	0.440225	0.381041	
332	0.431489	0.44009	0.37989	
333	0.433344	0.442303	0.382785	
334	0.432889	0.442095	0.381441	
335	0.432502	0.441932	0.380212	
336	0.432137	0.441782	0.379031	
337	0.431886	0.441713	0.377969	
338	0.431572	0.441596	0.37687	
339	0.431292	0.441502	0.375816	
340	0.431005	0.441401	0.374772	
341	0.433052	0.443792	0.378077	
342	0.435078	0.44615	0.38141	
343	0.461437	0.465124	0.393448	
344	0.460364	0.464082	0.392223	
345	0.459419	0.463197	0.391044	
346	0.458558	0.462413	0.389904	
347	0.457311	0.461204	0.388746	
348	0.456007	0.459959	0.38761	
349	0.461437	0.466982	0.400896	
350	0.461437	0.466982	0.408418	
351	0.460324	0.466039	0.407116	
352	0.458889	0.464727	0.405825	
353	0.457329	0.463269	0.404563	
354	0.456385	0.462502	0.403375	
355	0.455365	0.461617	0.402198	
356	0.454067	0.460293	0.401011	
357	0.452938	0.459101	0.399846	
358	0.452141	0.458383	0.398725	
359	0.451489	0.457842	0.39764	
360	0.450513	0.456565	0.396494	
361	0.449751	0.455801	0.39538	
362	0.449209	0.455388	0.394331	
363	0.448679	0.45497	0.393285	
364	0.448241	0.454674	0.392281	
365	0.447748	0.454296	0.391253	
